@relation abalone
@attribute Sex integer [1, 3]
@attribute Length real [0.075, 0.815]
@attribute Diameter real [0.055, 0.65]
@attribute Height real [0.0, 1.13]
@attribute Whole_weight real [0.0020, 2.8255]
@attribute Shucked_weight real [0.0010, 1.488]
@attribute Viscera_weight real [5.0E-4, 0.76]
@attribute Shell_weight real [0.0015, 1.005]
@attribute Rings integer [1, 29]
@inputs Sex, Length, Diameter, Height, Whole_weight, Shucked_weight, Viscera_weight, Shell_weight
@outputs Rings
@data
3, 0.4, 0.305, 0.1, 0.3415, 0.176, 0.0625, 0.0865, 7
2, 0.635, 0.5, 0.15, 1.376, 0.6495, 0.361, 0.31, 10
3, 0.37, 0.27, 0.09, 0.1855, 0.07, 0.0425, 0.065, 7
1, 0.68, 0.54, 0.155, 1.534, 0.671, 0.379, 0.384, 10
3, 0.375, 0.285, 0.09, 0.2545, 0.119, 0.0595, 0.0675, 6
2, 0.58, 0.475, 0.155, 0.974, 0.4305, 0.23, 0.285, 10
2, 0.525, 0.38, 0.14, 0.6065, 0.194, 0.1475, 0.21, 14
2, 0.63, 0.495, 0.19, 1.1655, 0.536, 0.2115, 0.1625, 10
1, 0.565, 0.44, 0.125, 0.802, 0.3595, 0.1825, 0.215, 9
1, 0.605, 0.465, 0.165, 1.056, 0.4215, 0.2475, 0.34, 13
3, 0.215, 0.15, 0.03, 0.0385, 0.0115, 0.005, 0.01, 5
2, 0.58, 0.45, 0.235, 1.071, 0.3, 0.206, 0.395, 14
1, 0.5, 0.4, 0.125, 0.5975, 0.27, 0.1275, 0.166, 9
3, 0.61, 0.49, 0.16, 1.1545, 0.5865, 0.2385, 0.2915, 11
2, 0.565, 0.45, 0.175, 1.2365, 0.5305, 0.2455, 0.308, 10
3, 0.475, 0.36, 0.11, 0.492, 0.211, 0.11, 0.15, 8
2, 0.45, 0.35, 0.125, 0.4435, 0.185, 0.09, 0.145, 11
2, 0.38, 0.29, 0.105, 0.257, 0.099, 0.051, 0.085, 10
3, 0.5, 0.37, 0.115, 0.5745, 0.306, 0.112, 0.141, 7
1, 0.59, 0.485, 0.155, 1.0785, 0.4535, 0.2435, 0.31, 9
2, 0.645, 0.5, 0.16, 1.2465, 0.5475, 0.327, 0.3, 10
2, 0.415, 0.305, 0.13, 0.32, 0.1305, 0.0755, 0.105, 8
2, 0.52, 0.46, 0.15, 1.019, 0.523, 0.1985, 0.254, 7
3, 0.375, 0.29, 0.095, 0.213, 0.096, 0.041, 0.061, 5
2, 0.64, 0.5, 0.17, 1.12, 0.4955, 0.2645, 0.32, 12
3, 0.23, 0.18, 0.05, 0.064, 0.0215, 0.0135, 0.02, 5
3, 0.335, 0.25, 0.08, 0.183, 0.0735, 0.04, 0.0575, 6
1, 0.515, 0.42, 0.14, 0.769, 0.2505, 0.154, 0.29, 13
1, 0.67, 0.5, 0.19, 1.519, 0.616, 0.388, 0.415, 10
1, 0.48, 0.365, 0.13, 0.5305, 0.2405, 0.127, 0.139, 8
2, 0.68, 0.58, 0.2, 1.787, 0.585, 0.453, 0.6, 19
2, 0.53, 0.415, 0.115, 0.5915, 0.233, 0.1585, 0.18, 11
2, 0.435, 0.395, 0.105, 0.3635, 0.136, 0.098, 0.13, 9
2, 0.435, 0.32, 0.12, 0.3785, 0.152, 0.0915, 0.125, 11
2, 0.585, 0.435, 0.14, 0.6955, 0.3085, 0.129, 0.2245, 8
2, 0.55, 0.405, 0.125, 0.651, 0.2965, 0.137, 0.2, 9
2, 0.445, 0.355, 0.15, 0.485, 0.181, 0.125, 0.155, 11
1, 0.6, 0.45, 0.195, 1.34, 0.617, 0.3255, 0.3605, 10
1, 0.35, 0.265, 0.09, 0.2265, 0.0995, 0.0575, 0.065, 6
3, 0.415, 0.315, 0.09, 0.3625, 0.175, 0.0835, 0.093, 6
3, 0.5, 0.385, 0.12, 0.56, 0.2835, 0.103, 0.135, 8
2, 0.445, 0.335, 0.14, 0.4565, 0.1785, 0.114, 0.14, 11
1, 0.68, 0.545, 0.185, 1.672, 0.7075, 0.364, 0.48, 11
2, 0.71, 0.555, 0.17, 1.47, 0.5375, 0.38, 0.431, 12
3, 0.19, 0.13, 0.03, 0.0295, 0.0155, 0.015, 0.01, 6
3, 0.215, 0.15, 0.055, 0.041, 0.015, 0.009, 0.0125, 3
1, 0.715, 0.525, 0.2, 1.89, 0.95, 0.436, 0.4305, 10
2, 0.62, 0.47, 0.225, 1.115, 0.378, 0.2145, 0.36, 15
3, 0.45, 0.345, 0.135, 0.443, 0.1975, 0.0875, 0.1175, 14
2, 0.575, 0.475, 0.16, 0.895, 0.3605, 0.221, 0.271, 9
1, 0.47, 0.375, 0.12, 0.5565, 0.226, 0.122, 0.195, 12
3, 0.52, 0.41, 0.11, 0.5185, 0.2165, 0.0915, 0.184, 8
1, 0.575, 0.445, 0.14, 0.737, 0.325, 0.1405, 0.237, 10
2, 0.5, 0.395, 0.14, 0.7155, 0.3165, 0.176, 0.24, 10
1, 0.63, 0.5, 0.185, 1.362, 0.5785, 0.3125, 0.384, 10
2, 0.59, 0.475, 0.16, 1.1015, 0.4775, 0.2555, 0.295, 13
2, 0.58, 0.45, 0.17, 0.9705, 0.4615, 0.232, 0.248, 9
3, 0.535, 0.41, 0.13, 0.6075, 0.268, 0.1225, 0.1975, 9
1, 0.62, 0.5, 0.2, 1.221, 0.4605, 0.263, 0.43, 12
2, 0.64, 0.5, 0.165, 1.1635, 0.554, 0.239, 0.32, 11
1, 0.565, 0.445, 0.14, 0.836, 0.406, 0.1605, 0.2245, 9
3, 0.5, 0.375, 0.12, 0.529, 0.2235, 0.123, 0.16, 8
2, 0.635, 0.525, 0.18, 1.3695, 0.634, 0.318, 0.363, 11
1, 0.625, 0.49, 0.165, 1.1835, 0.517, 0.2375, 0.39, 11
1, 0.655, 0.545, 0.19, 1.4245, 0.6325, 0.333, 0.378, 10
2, 0.575, 0.45, 0.12, 0.9585, 0.447, 0.169, 0.275, 12
1, 0.485, 0.39, 0.135, 0.617, 0.25, 0.1345, 0.1635, 8
1, 0.45, 0.355, 0.115, 0.479, 0.2125, 0.1045, 0.15, 8
1, 0.63, 0.505, 0.225, 1.525, 0.56, 0.3335, 0.45, 15
2, 0.625, 0.485, 0.15, 1.0945, 0.531, 0.261, 0.296, 10
2, 0.615, 0.475, 0.17, 1.1025, 0.4695, 0.2355, 0.345, 14
1, 0.59, 0.45, 0.12, 0.7485, 0.3345, 0.1315, 0.22, 14
2, 0.45, 0.36, 0.125, 0.4995, 0.2035, 0.1, 0.17, 13
3, 0.565, 0.46, 0.155, 0.8715, 0.3755, 0.215, 0.25, 10
2, 0.655, 0.52, 0.2, 1.5475, 0.713, 0.314, 0.466, 9
3, 0.35, 0.26, 0.085, 0.174, 0.0705, 0.0345, 0.06, 10
1, 0.64, 0.575, 0.175, 1.4585, 0.625, 0.266, 0.4395, 11
1, 0.67, 0.515, 0.165, 1.1735, 0.526, 0.285, 0.316, 11
2, 0.63, 0.5, 0.18, 1.1965, 0.514, 0.2325, 0.3995, 8
2, 0.575, 0.47, 0.155, 1.116, 0.509, 0.238, 0.34, 10
2, 0.525, 0.425, 0.14, 0.8735, 0.4205, 0.182, 0.2225, 10
1, 0.645, 0.5, 0.19, 1.5595, 0.741, 0.3715, 0.3845, 14
3, 0.44, 0.34, 0.12, 0.438, 0.2115, 0.083, 0.12, 9
1, 0.64, 0.495, 0.165, 1.307, 0.678, 0.292, 0.266, 11
3, 0.315, 0.24, 0.085, 0.1715, 0.071, 0.0345, 0.0535, 7
1, 0.625, 0.495, 0.155, 1.177, 0.5055, 0.278, 0.345, 9
1, 0.74, 0.58, 0.205, 2.381, 0.8155, 0.4695, 0.488, 12
3, 0.395, 0.3, 0.09, 0.253, 0.1155, 0.05, 0.075, 6
2, 0.425, 0.345, 0.11, 0.3665, 0.125, 0.081, 0.117, 11
2, 0.64, 0.505, 0.165, 1.2235, 0.5215, 0.2695, 0.36, 10
1, 0.645, 0.5, 0.195, 1.401, 0.6165, 0.3515, 0.3725, 10
3, 0.525, 0.375, 0.12, 0.6315, 0.3045, 0.114, 0.19, 9
3, 0.13, 0.1, 0.03, 0.013, 0.0045, 0.003, 0.004, 3
3, 0.525, 0.39, 0.105, 0.567, 0.2875, 0.1075, 0.16, 8
1, 0.6, 0.495, 0.175, 1.29, 0.606, 0.276, 0.3445, 11
2, 0.605, 0.45, 0.195, 1.098, 0.481, 0.2895, 0.315, 13
1, 0.59, 0.5, 0.2, 1.187, 0.412, 0.2705, 0.37, 16
3, 0.51, 0.385, 0.15, 0.625, 0.3095, 0.119, 0.1725, 8
2, 0.66, 0.505, 0.19, 1.4045, 0.6255, 0.3375, 0.3745, 9
3, 0.595, 0.43, 0.165, 0.9845, 0.4525, 0.207, 0.2725, 8
1, 0.61, 0.475, 0.15, 1.142, 0.62, 0.237, 0.245, 9
3, 0.315, 0.23, 0.07, 0.164, 0.0625, 0.04, 0.045, 6
2, 0.555, 0.43, 0.14, 0.7545, 0.3525, 0.1835, 0.2015, 9
3, 0.37, 0.29, 0.095, 0.249, 0.1045, 0.058, 0.067, 6
3, 0.44, 0.34, 0.12, 0.4995, 0.2965, 0.0945, 0.1185, 6
3, 0.465, 0.37, 0.115, 0.534, 0.261, 0.098, 0.143, 7
3, 0.63, 0.505, 0.18, 1.272, 0.6025, 0.295, 0.315, 11
1, 0.695, 0.57, 0.2, 2.033, 0.751, 0.4255, 0.685, 15
3, 0.345, 0.27, 0.11, 0.2135, 0.082, 0.0545, 0.07, 7
2, 0.7, 0.585, 0.185, 1.8075, 0.7055, 0.3215, 0.475, 29
1, 0.635, 0.515, 0.16, 1.2075, 0.5385, 0.282, 0.345, 11
2, 0.345, 0.26, 0.09, 0.207, 0.0775, 0.0435, 0.0765, 10
1, 0.505, 0.385, 0.11, 0.655, 0.3185, 0.15, 0.185, 9
1, 0.64, 0.525, 0.18, 1.3135, 0.4865, 0.2995, 0.4075, 10
1, 0.65, 0.495, 0.16, 1.304, 0.57, 0.312, 0.3725, 9
2, 0.565, 0.4, 0.13, 0.6975, 0.3075, 0.1665, 0.18, 8
1, 0.62, 0.45, 0.2, 0.858, 0.4285, 0.1525, 0.2405, 8
1, 0.615, 0.475, 0.19, 1.4335, 0.7315, 0.305, 0.3285, 9
2, 0.595, 0.43, 0.21, 1.5245, 0.653, 0.396, 0.41, 11
3, 0.59, 0.46, 0.145, 0.9015, 0.419, 0.1785, 0.26, 11
3, 0.43, 0.34, 0, 0.428, 0.2065, 0.086, 0.115, 8
2, 0.605, 0.475, 0.145, 1.0185, 0.4695, 0.225, 0.27, 15
3, 0.56, 0.445, 0.165, 0.832, 0.3455, 0.179, 0.279, 9
2, 0.545, 0.405, 0.175, 0.98, 0.2585, 0.207, 0.38, 18
2, 0.465, 0.355, 0.115, 0.4705, 0.1955, 0.118, 0.126, 7
1, 0.63, 0.505, 0.17, 1.0915, 0.4615, 0.266, 0.3, 9
2, 0.675, 0.54, 0.21, 1.593, 0.686, 0.318, 0.45, 11
2, 0.475, 0.4, 0.115, 0.541, 0.186, 0.1025, 0.21, 13
1, 0.615, 0.495, 0.2, 1.304, 0.5795, 0.3115, 0.371, 14
1, 0.64, 0.485, 0.16, 1.006, 0.456, 0.2245, 0.2835, 9
1, 0.625, 0.495, 0.155, 1.0485, 0.487, 0.212, 0.3215, 11
2, 0.56, 0.42, 0.18, 1.6645, 0.7755, 0.35, 0.4525, 9
1, 0.485, 0.4, 0.135, 0.663, 0.313, 0.137, 0.2, 10
2, 0.45, 0.345, 0.12, 0.4165, 0.1655, 0.095, 0.135, 9
3, 0.525, 0.39, 0.12, 0.664, 0.3115, 0.147, 0.178, 9
1, 0.585, 0.45, 0.18, 0.7995, 0.336, 0.1855, 0.237, 8
1, 0.48, 0.385, 0.145, 0.64, 0.2925, 0.1405, 0.1575, 6
1, 0.59, 0.5, 0.165, 1.1045, 0.4565, 0.2425, 0.34, 15
2, 0.505, 0.39, 0.12, 0.5725, 0.2555, 0.1325, 0.146, 8
1, 0.5, 0.38, 0.135, 0.5835, 0.2295, 0.1265, 0.18, 12
3, 0.325, 0.25, 0.07, 0.1745, 0.0875, 0.0355, 0.04, 7
3, 0.525, 0.4, 0.13, 0.6455, 0.325, 0.1245, 0.17, 8
2, 0.615, 0.5, 0.165, 1.1765, 0.488, 0.244, 0.345, 17
1, 0.165, 0.125, 0.04, 0.0245, 0.0095, 0.0045, 0.008, 4
3, 0.42, 0.305, 0.1, 0.3415, 0.1645, 0.0775, 0.086, 7
1, 0.7, 0.545, 0.185, 1.6135, 0.75, 0.4035, 0.3685, 11
3, 0.485, 0.375, 0.13, 0.6025, 0.2935, 0.1285, 0.16, 7
3, 0.475, 0.365, 0.105, 0.4175, 0.1645, 0.099, 0.127, 7
2, 0.63, 0.475, 0.15, 1.072, 0.433, 0.2975, 0.315, 8
1, 0.62, 0.485, 0.205, 1.219, 0.3875, 0.2505, 0.385, 14
3, 0.435, 0.33, 0.125, 0.406, 0.1685, 0.1055, 0.096, 12
2, 0.55, 0.445, 0.155, 0.9905, 0.544, 0.178, 0.218, 9
2, 0.465, 0.375, 0.135, 0.6, 0.2225, 0.129, 0.23, 16
1, 0.35, 0.255, 0.085, 0.2145, 0.1, 0.0465, 0.06, 13
1, 0.35, 0.265, 0.09, 0.1775, 0.0575, 0.042, 0.068, 12
3, 0.58, 0.445, 0.17, 1.178, 0.3935, 0.2165, 0.315, 20
2, 0.45, 0.36, 0.11, 0.447, 0.203, 0.082, 0.13, 12
3, 0.47, 0.355, 0.18, 0.48, 0.2055, 0.105, 0.1505, 8
3, 0.525, 0.405, 0.15, 0.795, 0.3075, 0.205, 0.255, 14
1, 0.55, 0.45, 0.15, 1.0145, 0.407, 0.2015, 0.2875, 10
1, 0.63, 0.49, 0.155, 1.2525, 0.63, 0.246, 0.289, 9
2, 0.485, 0.4, 0.155, 0.731, 0.236, 0.183, 0.255, 11
2, 0.64, 0.5, 0.175, 1.394, 0.4935, 0.291, 0.4, 10
3, 0.515, 0.4, 0.125, 0.5625, 0.25, 0.1245, 0.17, 7
2, 0.655, 0.5, 0.14, 1.1705, 0.5405, 0.3175, 0.285, 12
1, 0.64, 0.525, 0.185, 1.707, 0.763, 0.4205, 0.4435, 11
2, 0.605, 0.465, 0.155, 1.1, 0.547, 0.2665, 0.2585, 10
2, 0.52, 0.395, 0.18, 0.64, 0.158, 0.11, 0.245, 22
1, 0.375, 0.305, 0.09, 0.3245, 0.1395, 0.0565, 0.095, 5
3, 0.44, 0.34, 0.1, 0.407, 0.209, 0.0735, 0.103, 7
3, 0.425, 0.38, 0.105, 0.3265, 0.1285, 0.0785, 0.1, 10
2, 0.62, 0.48, 0.175, 1.0405, 0.464, 0.2225, 0.3, 9
2, 0.56, 0.445, 0.18, 0.903, 0.3575, 0.2045, 0.295, 9
2, 0.665, 0.505, 0.165, 1.349, 0.5985, 0.3175, 0.36, 9
1, 0.44, 0.325, 0.115, 0.39, 0.163, 0.087, 0.113, 7
1, 0.505, 0.385, 0.13, 0.6435, 0.3135, 0.149, 0.1515, 7
3, 0.365, 0.295, 0.095, 0.25, 0.1075, 0.0545, 0.08, 9
1, 0.575, 0.45, 0.155, 0.886, 0.3605, 0.211, 0.2575, 9
2, 0.73, 0.56, 0.19, 1.9425, 0.799, 0.5195, 0.5655, 11
3, 0.465, 0.34, 0.11, 0.346, 0.1425, 0.073, 0.113, 11
1, 0.465, 0.355, 0.125, 0.5255, 0.2025, 0.135, 0.145, 13
1, 0.66, 0.485, 0.155, 1.2275, 0.61, 0.274, 0.3, 8
1, 0.43, 0.35, 0.11, 0.406, 0.1675, 0.081, 0.135, 10
1, 0.52, 0.41, 0.115, 0.77, 0.263, 0.157, 0.26, 11
2, 0.535, 0.425, 0.155, 0.7765, 0.302, 0.1565, 0.25, 16
1, 0.67, 0.55, 0.17, 1.247, 0.472, 0.2455, 0.4, 21
2, 0.575, 0.46, 0.145, 0.9945, 0.466, 0.229, 0.265, 7
1, 0.49, 0.395, 0.135, 0.5545, 0.213, 0.0925, 0.215, 14
1, 0.455, 0.34, 0.135, 0.462, 0.1675, 0.158, 0.12, 9
3, 0.335, 0.26, 0.09, 0.1965, 0.0875, 0.041, 0.056, 7
1, 0.67, 0.54, 0.195, 1.217, 0.532, 0.2735, 0.3315, 11
1, 0.54, 0.455, 0.14, 0.972, 0.419, 0.255, 0.269, 10
2, 0.44, 0.355, 0.115, 0.415, 0.1585, 0.0925, 0.131, 11
3, 0.4, 0.29, 0.1, 0.2675, 0.1205, 0.0605, 0.0765, 5
1, 0.475, 0.355, 0.12, 0.48, 0.234, 0.1015, 0.135, 8
1, 0.55, 0.45, 0.13, 0.92, 0.378, 0.2385, 0.29, 11
2, 0.47, 0.355, 0.14, 0.433, 0.1525, 0.095, 0.152, 12
3, 0.425, 0.31, 0.095, 0.3505, 0.1645, 0.071, 0.1, 8
3, 0.55, 0.425, 0.155, 0.8725, 0.412, 0.187, 0.2425, 10
3, 0.265, 0.21, 0.06, 0.0965, 0.0425, 0.022, 0.03, 5
3, 0.35, 0.25, 0.1, 0.4015, 0.1725, 0.063, 0.1255, 7
1, 0.575, 0.47, 0.14, 0.8375, 0.3485, 0.1735, 0.24, 11
1, 0.7, 0.53, 0.19, 1.3185, 0.548, 0.233, 0.42, 18
1, 0.245, 0.18, 0.065, 0.0635, 0.0245, 0.0135, 0.02, 4
1, 0.64, 0.505, 0.165, 1.4435, 0.6145, 0.3035, 0.39, 18
1, 0.65, 0.515, 0.185, 1.3745, 0.75, 0.1805, 0.369, 12
2, 0.58, 0.45, 0.185, 0.9955, 0.3945, 0.272, 0.285, 11
2, 0.645, 0.5, 0.17, 1.1845, 0.4805, 0.274, 0.355, 13
1, 0.67, 0.545, 0.2, 1.7025, 0.833, 0.374, 0.41, 11
1, 0.605, 0.47, 0.115, 1.114, 0.3925, 0.291, 0.31, 15
1, 0.595, 0.475, 0.14, 1.0305, 0.4925, 0.217, 0.278, 10
2, 0.55, 0.38, 0.165, 1.205, 0.543, 0.294, 0.3345, 10
1, 0.58, 0.455, 0.15, 1.114, 0.4765, 0.2155, 0.265, 8
2, 0.585, 0.485, 0.15, 1.079, 0.4145, 0.2115, 0.356, 11
2, 0.73, 0.575, 0.185, 1.8795, 0.931, 0.38, 0.4825, 12
1, 0.66, 0.495, 0.195, 1.6275, 0.594, 0.3595, 0.485, 10
3, 0.355, 0.28, 0.11, 0.2235, 0.0815, 0.0525, 0.08, 7
2, 0.595, 0.465, 0.15, 1.0765, 0.491, 0.22, 0.287, 9
3, 0.425, 0.315, 0.095, 0.3675, 0.1865, 0.0675, 0.0985, 7
1, 0.58, 0.455, 0.15, 1.012, 0.4985, 0.2115, 0.2835, 10
3, 0.56, 0.42, 0.14, 0.837, 0.414, 0.214, 0.2, 8
1, 0.505, 0.395, 0.125, 0.635, 0.29, 0.1555, 0.175, 9
2, 0.505, 0.39, 0.125, 0.5445, 0.246, 0.15, 0.1405, 7
1, 0.525, 0.42, 0.155, 0.842, 0.428, 0.1415, 0.2045, 9
3, 0.53, 0.4, 0.125, 0.617, 0.279, 0.127, 0.19, 8
3, 0.16, 0.11, 0.025, 0.0195, 0.0075, 0.005, 0.006, 4
1, 0.72, 0.6, 0.235, 2.2385, 0.984, 0.411, 0.621, 12
2, 0.63, 0.48, 0.175, 1.3675, 0.5015, 0.3035, 0.515, 17
3, 0.525, 0.4, 0.125, 0.5655, 0.2435, 0.119, 0.175, 8
3, 0.565, 0.43, 0.125, 0.6545, 0.2815, 0.139, 0.21, 9
3, 0.575, 0.44, 0.125, 0.8515, 0.4555, 0.1715, 0.1965, 9
2, 0.59, 0.455, 0.145, 1.063, 0.5155, 0.2445, 0.25, 8
1, 0.575, 0.45, 0.16, 0.955, 0.44, 0.1685, 0.27, 16
2, 0.705, 0.56, 0.205, 2.381, 0.9915, 0.5005, 0.624, 10
3, 0.475, 0.355, 0.1, 0.5035, 0.2535, 0.091, 0.14, 8
2, 0.57, 0.45, 0.17, 1.098, 0.414, 0.187, 0.405, 20
3, 0.435, 0.34, 0.115, 0.3925, 0.1825, 0.078, 0.1145, 6
2, 0.59, 0.465, 0.15, 1.151, 0.613, 0.239, 0.2515, 9
3, 0.355, 0.27, 0.075, 0.204, 0.3045, 0.046, 0.0595, 7
2, 0.69, 0.55, 0.2, 1.569, 0.687, 0.3675, 0.46, 12
2, 0.575, 0.42, 0.19, 1.764, 0.914, 0.377, 0.4095, 10
3, 0.315, 0.23, 0.07, 0.1145, 0.046, 0.0235, 0.0385, 5
3, 0.52, 0.41, 0.14, 0.699, 0.3395, 0.129, 0.1945, 10
1, 0.295, 0.225, 0.09, 0.1385, 0.048, 0.046, 0.05, 9
2, 0.305, 0.23, 0.08, 0.156, 0.0675, 0.0345, 0.048, 7
3, 0.43, 0.315, 0.095, 0.378, 0.175, 0.08, 0.1045, 8
2, 0.75, 0.55, 0.195, 1.8325, 0.83, 0.366, 0.44, 11
3, 0.64, 0.49, 0.135, 1.1, 0.488, 0.2505, 0.2925, 10
3, 0.435, 0.345, 0.12, 0.3215, 0.13, 0.056, 0.1185, 7
3, 0.38, 0.3, 0.09, 0.277, 0.1655, 0.0625, 0.082, 6
3, 0.545, 0.375, 0.12, 0.543, 0.2375, 0.1155, 0.1725, 8
2, 0.52, 0.425, 0.15, 0.813, 0.385, 0.2015, 0.23, 10
1, 0.555, 0.45, 0.175, 0.874, 0.3275, 0.202, 0.305, 10
3, 0.24, 0.185, 0.06, 0.0655, 0.0295, 0.0005, 0.02, 4
3, 0.205, 0.14, 0.05, 0.046, 0.0165, 0.012, 0.0135, 6
3, 0.33, 0.245, 0.065, 0.1445, 0.058, 0.032, 0.0505, 6
2, 0.525, 0.41, 0.135, 0.7085, 0.293, 0.1525, 0.235, 11
3, 0.435, 0.325, 0.1, 0.342, 0.1335, 0.0835, 0.105, 6
2, 0.64, 0.505, 0.19, 1.2355, 0.4435, 0.3105, 0.365, 14
2, 0.565, 0.445, 0.125, 0.8305, 0.3135, 0.1785, 0.23, 11
2, 0.59, 0.455, 0.175, 0.966, 0.391, 0.2455, 0.31, 10
1, 0.555, 0.44, 0.135, 0.9025, 0.3805, 0.2105, 0.28, 13
1, 0.58, 0.49, 0.13, 1.1335, 0.586, 0.2565, 0.237, 9
2, 0.415, 0.325, 0.115, 0.3455, 0.1405, 0.0765, 0.11, 9
1, 0.565, 0.43, 0.15, 0.831, 0.4245, 0.1735, 0.219, 10
1, 0.465, 0.36, 0.08, 0.488, 0.191, 0.125, 0.155, 11
2, 0.485, 0.375, 0.145, 0.5885, 0.2385, 0.1155, 0.19, 13
3, 0.235, 0.175, 0.08, 0.0645, 0.0215, 0.0175, 0.0215, 5
2, 0.625, 0.49, 0.11, 1.136, 0.5265, 0.1915, 0.2925, 9
1, 0.375, 0.28, 0.095, 0.2225, 0.0875, 0.043, 0.08, 10
1, 0.595, 0.455, 0.155, 1.041, 0.416, 0.2105, 0.365, 14
2, 0.72, 0.525, 0.18, 1.445, 0.631, 0.3215, 0.435, 7
2, 0.585, 0.465, 0.17, 0.9915, 0.3865, 0.224, 0.265, 12
3, 0.295, 0.21, 0.08, 0.1, 0.038, 0.026, 0.031, 8
3, 0.245, 0.175, 0.055, 0.0785, 0.04, 0.018, 0.02, 5
2, 0.61, 0.485, 0.21, 1.3445, 0.535, 0.2205, 0.515, 20
3, 0.375, 0.29, 0.14, 0.3, 0.14, 0.0625, 0.0825, 8
3, 0.365, 0.26, 0.115, 0.218, 0.0935, 0.0445, 0.07, 9
1, 0.6, 0.47, 0.175, 1.105, 0.4865, 0.247, 0.315, 15
3, 0.55, 0.435, 0.14, 0.7535, 0.3285, 0.1555, 0.2325, 10
3, 0.425, 0.325, 0.11, 0.405, 0.1695, 0.092, 0.1065, 8
3, 0.55, 0.415, 0.145, 0.7815, 0.373, 0.16, 0.2215, 8
1, 0.595, 0.475, 0.16, 1.3175, 0.408, 0.234, 0.58, 21
1, 0.31, 0.22, 0.085, 0.146, 0.061, 0.0365, 0.045, 6
1, 0.615, 0.48, 0.175, 1.118, 0.446, 0.3195, 0.3, 9
3, 0.475, 0.365, 0.115, 0.459, 0.2175, 0.093, 0.1165, 7
3, 0.255, 0.185, 0.06, 0.088, 0.0365, 0.021, 0.023, 5
3, 0.5, 0.375, 0.14, 0.559, 0.2375, 0.135, 0.169, 9
2, 0.58, 0.435, 0.15, 0.834, 0.428, 0.1515, 0.23, 8
2, 0.72, 0.575, 0.18, 1.6705, 0.732, 0.3605, 0.501, 12
2, 0.62, 0.51, 0.175, 1.2705, 0.5415, 0.323, 0.3225, 9
2, 0.67, 0.52, 0.19, 1.32, 0.5235, 0.3095, 0.4275, 13
3, 0.295, 0.22, 0.065, 0.1295, 0.052, 0.028, 0.035, 6
1, 0.675, 0.525, 0.175, 1.402, 0.483, 0.3205, 0.465, 16
2, 0.705, 0.535, 0.18, 1.685, 0.693, 0.42, 0.4045, 12
1, 0.55, 0.44, 0.16, 0.991, 0.348, 0.168, 0.375, 20
2, 0.56, 0.43, 0.15, 0.8825, 0.3465, 0.172, 0.31, 9
2, 0.565, 0.455, 0.15, 0.8205, 0.365, 0.159, 0.26, 18
3, 0.315, 0.23, 0.09, 0.1285, 0.043, 0.04, 0.04, 7
2, 0.595, 0.48, 0.15, 1.11, 0.498, 0.228, 0.33, 10
3, 0.455, 0.335, 0.105, 0.422, 0.229, 0.0865, 0.1, 6
1, 0.605, 0.47, 0.18, 1.1155, 0.479, 0.2565, 0.321, 10
1, 0.71, 0.565, 0.205, 2.198, 1.012, 0.5225, 0.5475, 11
3, 0.505, 0.4, 0.125, 0.5605, 0.2255, 0.1435, 0.17, 8
1, 0.575, 0.44, 0.16, 0.9615, 0.483, 0.166, 0.275, 13
3, 0.415, 0.325, 0.1, 0.385, 0.167, 0.08, 0.125, 7
1, 0.57, 0.435, 0.13, 0.7535, 0.349, 0.1755, 0.194, 10
2, 0.755, 0.625, 0.21, 2.505, 1.1965, 0.513, 0.6785, 11
1, 0.64, 0.49, 0.155, 1.1285, 0.477, 0.269, 0.34, 9
1, 0.605, 0.475, 0.16, 1.616, 0.5495, 0.332, 0.34, 18
3, 0.395, 0.295, 0.1, 0.293, 0.14, 0.062, 0.082, 7
3, 0.505, 0.405, 0.13, 0.6015, 0.3015, 0.11, 0.18, 8
1, 0.525, 0.405, 0.12, 0.7555, 0.3755, 0.1555, 0.201, 9
2, 0.62, 0.475, 0.175, 1.0165, 0.4355, 0.214, 0.325, 10
1, 0.635, 0.5, 0.165, 1.273, 0.6535, 0.213, 0.365, 12
1, 0.295, 0.215, 0.075, 0.129, 0.05, 0.0295, 0.04, 7
1, 0.275, 0.205, 0.07, 0.094, 0.0335, 0.02, 0.0325, 5
3, 0.425, 0.32, 0.085, 0.262, 0.1235, 0.067, 0.0725, 8
2, 0.61, 0.45, 0.13, 0.8725, 0.389, 0.1715, 0.272, 11
2, 0.59, 0.455, 0.155, 1.066, 0.382, 0.2275, 0.415, 20
2, 0.505, 0.375, 0.115, 0.5895, 0.2635, 0.12, 0.167, 10
2, 0.72, 0.59, 0.205, 1.7495, 0.7755, 0.4225, 0.48, 11
1, 0.605, 0.49, 0.165, 1.1245, 0.492, 0.222, 0.3555, 11
3, 0.54, 0.43, 0.14, 0.8195, 0.3935, 0.1725, 0.2295, 9
1, 0.615, 0.47, 0.16, 1.0175, 0.473, 0.2395, 0.28, 10
3, 0.55, 0.42, 0.115, 0.668, 0.2925, 0.137, 0.209, 11
1, 0.63, 0.485, 0.155, 1.278, 0.637, 0.275, 0.31, 8
1, 0.695, 0.54, 0.195, 1.691, 0.768, 0.363, 0.4755, 11
3, 0.35, 0.26, 0.095, 0.221, 0.0985, 0.043, 0.07, 8
2, 0.5, 0.38, 0.155, 0.655, 0.2405, 0.143, 0.205, 17
1, 0.63, 0.53, 0.175, 1.4135, 0.667, 0.2945, 0.3555, 13
1, 0.65, 0.51, 0.175, 1.3165, 0.6345, 0.2605, 0.364, 12
3, 0.54, 0.42, 0.14, 0.6275, 0.2505, 0.1175, 0.235, 9
3, 0.34, 0.265, 0.07, 0.185, 0.0625, 0.0395, 0.07, 7
1, 0.635, 0.525, 0.205, 1.484, 0.55, 0.3115, 0.43, 20
1, 0.575, 0.425, 0.14, 0.8635, 0.393, 0.227, 0.2, 11
3, 0.525, 0.4, 0.11, 0.6275, 0.3015, 0.126, 0.18, 8
2, 0.435, 0.35, 0.125, 0.459, 0.197, 0.1145, 0.145, 9
1, 0.695, 0.53, 0.19, 1.726, 0.7625, 0.436, 0.455, 11
2, 0.59, 0.455, 0.165, 1.161, 0.38, 0.2455, 0.28, 12
2, 0.625, 0.505, 0.175, 1.15, 0.5475, 0.256, 0.3045, 11
2, 0.65, 0.525, 0.165, 1.238, 0.647, 0.2485, 0.3005, 9
1, 0.51, 0.405, 0.125, 0.6925, 0.327, 0.155, 0.1805, 7
1, 0.575, 0.44, 0.145, 0.87, 0.3945, 0.2195, 0.225, 8
2, 0.69, 0.525, 0.19, 1.492, 0.6425, 0.3905, 0.42, 12
1, 0.515, 0.385, 0.13, 0.623, 0.2855, 0.1285, 0.175, 10
3, 0.4, 0.315, 0.085, 0.2675, 0.116, 0.0585, 0.0765, 6
3, 0.37, 0.275, 0.1, 0.2295, 0.0885, 0.0465, 0.07, 7
2, 0.645, 0.5, 0.155, 1.2205, 0.6145, 0.236, 0.3185, 10
2, 0.725, 0.56, 0.21, 2.141, 0.65, 0.398, 1.005, 18
1, 0.65, 0.485, 0.16, 1.7395, 0.5715, 0.2785, 0.3075, 10
2, 0.49, 0.355, 0.16, 0.8795, 0.3485, 0.215, 0.2825, 8
1, 0.49, 0.395, 0.14, 0.549, 0.2215, 0.1275, 0.15, 11
2, 0.505, 0.385, 0.135, 0.6185, 0.251, 0.1175, 0.2, 12
1, 0.35, 0.255, 0.065, 0.179, 0.0705, 0.0385, 0.06, 10
3, 0.495, 0.38, 0.145, 0.5, 0.205, 0.148, 0.1505, 8
1, 0.515, 0.38, 0.175, 0.9565, 0.325, 0.158, 0.31, 14
1, 0.45, 0.355, 0.12, 0.3955, 0.147, 0.0765, 0.145, 9
1, 0.76, 0.575, 0.19, 1.829, 0.7035, 0.386, 0.56, 14
2, 0.505, 0.39, 0.115, 0.66, 0.3045, 0.1555, 0.175, 8
1, 0.735, 0.57, 0.21, 2.2355, 1.1705, 0.463, 0.5315, 10
2, 0.68, 0.52, 0.185, 1.541, 0.5985, 0.395, 0.4575, 10
2, 0.645, 0.51, 0.18, 1.6195, 0.7815, 0.322, 0.4675, 12
2, 0.61, 0.485, 0.165, 1.087, 0.4255, 0.232, 0.38, 11
1, 0.57, 0.42, 0.14, 0.8745, 0.416, 0.165, 0.25, 8
1, 0.565, 0.435, 0.15, 0.99, 0.5795, 0.1825, 0.206, 8
2, 0.4, 0.31, 0.115, 0.3465, 0.1475, 0.0695, 0.115, 10
3, 0.58, 0.445, 0.15, 0.8865, 0.383, 0.209, 0.255, 11
2, 0.655, 0.545, 0.185, 1.759, 0.6865, 0.313, 0.547, 11
1, 0.61, 0.49, 0.16, 1.112, 0.465, 0.228, 0.341, 10
2, 0.65, 0.505, 0.165, 1.16, 0.4785, 0.274, 0.349, 11
1, 0.57, 0.46, 0.14, 0.9535, 0.4465, 0.2065, 0.245, 12
1, 0.625, 0.49, 0.165, 1.1165, 0.4895, 0.2615, 0.3325, 11
2, 0.685, 0.565, 0.175, 1.638, 0.7775, 0.375, 0.438, 11
1, 0.515, 0.405, 0.13, 0.722, 0.32, 0.131, 0.21, 10
2, 0.72, 0.565, 0.17, 1.613, 0.723, 0.3255, 0.4945, 12
2, 0.615, 0.495, 0.16, 1.255, 0.5815, 0.3195, 0.3225, 12
1, 0.63, 0.495, 0.175, 1.2695, 0.605, 0.271, 0.328, 11
2, 0.68, 0.55, 0.175, 1.798, 0.815, 0.3925, 0.455, 19
2, 0.525, 0.44, 0.15, 0.8425, 0.3685, 0.1985, 0.24, 12
3, 0.485, 0.355, 0.13, 0.581, 0.245, 0.132, 0.168, 12
1, 0.595, 0.435, 0.16, 1.057, 0.4255, 0.224, 0.31, 9
2, 0.61, 0.45, 0.16, 1.136, 0.414, 0.311, 0.3, 9
2, 0.72, 0.56, 0.175, 1.7265, 0.637, 0.3415, 0.525, 17
3, 0.44, 0.355, 0.165, 0.435, 0.159, 0.105, 0.14, 16
3, 0.485, 0.37, 0.14, 0.5065, 0.2425, 0.088, 0.1465, 8
1, 0.775, 0.63, 0.25, 2.7795, 1.3485, 0.76, 0.578, 12
2, 0.625, 0.49, 0.155, 1.115, 0.484, 0.277, 0.3095, 9
2, 0.65, 0.52, 0.195, 1.281, 0.5985, 0.246, 0.3825, 10
3, 0.345, 0.285, 0.1, 0.2225, 0.0865, 0.058, 0.075, 8
1, 0.67, 0.52, 0.165, 1.39, 0.711, 0.2865, 0.3, 11
1, 0.44, 0.335, 0.11, 0.394, 0.157, 0.096, 0.122, 9
3, 0.405, 0.31, 0.11, 0.91, 0.416, 0.2075, 0.0995, 8
2, 0.62, 0.485, 0.175, 1.2155, 0.545, 0.253, 0.345, 10
3, 0.445, 0.33, 0.11, 0.358, 0.1525, 0.067, 0.1185, 8
1, 0.41, 0.325, 0.1, 0.3555, 0.146, 0.072, 0.105, 9
1, 0.465, 0.355, 0.12, 0.5315, 0.2725, 0.097, 0.1395, 8
3, 0.515, 0.4, 0.12, 0.659, 0.2705, 0.179, 0.17, 13
2, 0.745, 0.585, 0.19, 1.966, 0.8435, 0.437, 0.5855, 18
1, 0.57, 0.455, 0.155, 0.832, 0.3585, 0.174, 0.277, 11
1, 0.7, 0.55, 0.2, 1.523, 0.693, 0.306, 0.4405, 13
3, 0.44, 0.325, 0.09, 0.35, 0.148, 0.067, 0.105, 7
2, 0.51, 0.4, 0.14, 0.8145, 0.459, 0.1965, 0.195, 10
1, 0.61, 0.475, 0.17, 1.0265, 0.435, 0.2335, 0.3035, 10
1, 0.34, 0.275, 0.09, 0.2065, 0.0725, 0.043, 0.07, 10
3, 0.59, 0.445, 0.135, 0.7715, 0.328, 0.1745, 0.23, 9
3, 0.42, 0.31, 0.1, 0.2805, 0.1125, 0.0615, 0.0925, 8
2, 0.66, 0.525, 0.205, 1.3665, 0.5005, 0.291, 0.41, 18
1, 0.5, 0.38, 0.12, 0.5765, 0.273, 0.135, 0.145, 9
3, 0.27, 0.205, 0.05, 0.084, 0.03, 0.0185, 0.029, 6
1, 0.615, 0.47, 0.165, 1.128, 0.4465, 0.2195, 0.34, 10
1, 0.605, 0.445, 0.14, 0.982, 0.4295, 0.2085, 0.295, 12
3, 0.54, 0.41, 0.135, 0.7025, 0.31, 0.177, 0.2, 8
1, 0.625, 0.47, 0.175, 1.179, 0.605, 0.258, 0.271, 9
1, 0.485, 0.395, 0.14, 0.6295, 0.2285, 0.127, 0.225, 14
3, 0.565, 0.43, 0.15, 0.8215, 0.332, 0.1685, 0.29, 11
1, 0.52, 0.425, 0.155, 0.7735, 0.297, 0.123, 0.255, 17
3, 0.415, 0.325, 0.115, 0.3285, 0.1405, 0.051, 0.106, 12
2, 0.655, 0.51, 0.175, 1.6525, 0.8515, 0.3365, 0.403, 10
1, 0.47, 0.37, 0.18, 0.51, 0.1915, 0.1285, 0.1625, 9
1, 0.575, 0.465, 0.12, 1.0535, 0.516, 0.2185, 0.235, 9
2, 0.66, 0.525, 0.16, 1.277, 0.4975, 0.319, 0.394, 13
1, 0.52, 0.385, 0.115, 0.669, 0.2385, 0.172, 0.205, 12
1, 0.5, 0.38, 0.155, 0.66, 0.2655, 0.1365, 0.215, 19
3, 0.6, 0.48, 0.17, 0.9175, 0.38, 0.2225, 0.29, 8
3, 0.185, 0.13, 0.045, 0.029, 0.012, 0.0075, 0.0095, 4
2, 0.555, 0.42, 0.14, 0.868, 0.33, 0.243, 0.21, 13
3, 0.295, 0.22, 0.07, 0.1365, 0.0575, 0.0295, 0.035, 6
3, 0.465, 0.355, 0.09, 0.4325, 0.2005, 0.074, 0.1275, 9
1, 0.515, 0.425, 0.145, 0.9365, 0.497, 0.181, 0.2185, 8
2, 0.55, 0.415, 0.135, 0.7635, 0.318, 0.21, 0.2, 9
2, 0.55, 0.45, 0.15, 0.875, 0.362, 0.1755, 0.2765, 10
2, 0.515, 0.4, 0.125, 0.615, 0.2865, 0.123, 0.1765, 8
2, 0.48, 0.365, 0.135, 0.6395, 0.2945, 0.113, 0.175, 8
3, 0.49, 0.375, 0.115, 0.557, 0.2275, 0.1335, 0.1765, 8
3, 0.32, 0.255, 0.1, 0.1755, 0.073, 0.0415, 0.065, 7
3, 0.545, 0.43, 0.13, 0.7595, 0.358, 0.153, 0.2055, 8
3, 0.385, 0.3, 0.09, 0.308, 0.1525, 0.056, 0.0835, 8
1, 0.645, 0.515, 0.16, 1.1845, 0.506, 0.311, 0.335, 9
1, 0.535, 0.41, 0.135, 0.862, 0.2855, 0.1525, 0.32, 14
3, 0.555, 0.455, 0.17, 0.8435, 0.309, 0.1905, 0.3, 15
2, 0.475, 0.38, 0.135, 0.486, 0.1735, 0.07, 0.185, 7
3, 0.57, 0.45, 0.145, 0.751, 0.2825, 0.2195, 0.2215, 10
3, 0.45, 0.35, 0.145, 0.525, 0.2085, 0.1, 0.1655, 15
3, 0.485, 0.355, 0.12, 0.5085, 0.21, 0.122, 0.135, 9
3, 0.53, 0.42, 0.13, 0.8365, 0.3745, 0.167, 0.249, 11
3, 0.475, 0.335, 0.1, 0.4425, 0.1895, 0.086, 0.135, 9
2, 0.53, 0.41, 0.13, 0.6965, 0.302, 0.1935, 0.2, 10
1, 0.555, 0.44, 0.15, 0.838, 0.4155, 0.146, 0.23, 8
3, 0.54, 0.425, 0.13, 0.8155, 0.3675, 0.1365, 0.246, 11
3, 0.3, 0.23, 0.075, 0.127, 0.052, 0.03, 0.0345, 6
3, 0.4, 0.29, 0.1, 0.258, 0.104, 0.059, 0.0815, 7
2, 0.395, 0.3, 0.105, 0.3375, 0.1435, 0.0755, 0.098, 12
1, 0.63, 0.47, 0.145, 1.1005, 0.52, 0.26, 0.276, 9
1, 0.55, 0.41, 0.125, 0.7605, 0.2505, 0.1635, 0.195, 14
3, 0.475, 0.35, 0.1, 0.4545, 0.2165, 0.111, 0.115, 7
1, 0.455, 0.35, 0.12, 0.4835, 0.1815, 0.144, 0.16, 11
2, 0.67, 0.51, 0.155, 1.278, 0.5605, 0.3045, 0.358, 11
2, 0.66, 0.5, 0.155, 1.3765, 0.6485, 0.288, 0.335, 12
2, 0.545, 0.415, 0.15, 0.7335, 0.2795, 0.163, 0.2185, 11
3, 0.485, 0.37, 0.13, 0.458, 0.181, 0.113, 0.136, 10
3, 0.415, 0.31, 0.11, 0.2965, 0.123, 0.057, 0.0995, 10
2, 0.485, 0.38, 0.15, 0.605, 0.2155, 0.14, 0.18, 15
1, 0.42, 0.345, 0.105, 0.43, 0.175, 0.096, 0.13, 7
1, 0.575, 0.435, 0.15, 0.805, 0.293, 0.1625, 0.27, 17
1, 0.645, 0.48, 0.15, 1.192, 0.6055, 0.2595, 0.285, 9
1, 0.37, 0.29, 0.09, 0.241, 0.11, 0.045, 0.069, 10
2, 0.455, 0.365, 0.115, 0.4305, 0.184, 0.108, 0.1245, 8
2, 0.665, 0.53, 0.185, 1.3955, 0.456, 0.3205, 0.49, 15
2, 0.66, 0.505, 0.185, 1.528, 0.69, 0.3025, 0.441, 11
3, 0.475, 0.375, 0.115, 0.5205, 0.233, 0.119, 0.1455, 7
1, 0.625, 0.5, 0.185, 1.2425, 0.5995, 0.248, 0.335, 10
3, 0.175, 0.125, 0.04, 0.028, 0.0095, 0.008, 0.009, 4
3, 0.5, 0.41, 0.14, 0.6615, 0.2585, 0.1625, 0.196, 9
2, 0.46, 0.33, 0.15, 0.5325, 0.2085, 0.1805, 0.125, 10
1, 0.59, 0.405, 0.15, 0.853, 0.326, 0.2615, 0.245, 9
3, 0.31, 0.235, 0.07, 0.151, 0.063, 0.0405, 0.045, 6
2, 0.56, 0.43, 0.125, 0.8025, 0.313, 0.1715, 0.263, 13
1, 0.31, 0.235, 0.06, 0.12, 0.0415, 0.033, 0.04, 11
3, 0.405, 0.25, 0.09, 0.2875, 0.128, 0.063, 0.0805, 7
1, 0.415, 0.345, 0.135, 0.3865, 0.128, 0.07, 0.148, 13
1, 0.26, 0.2, 0.065, 0.096, 0.044, 0.027, 0.03, 6
1, 0.475, 0.37, 0.125, 0.537, 0.222, 0.1215, 0.15, 9
1, 0.615, 0.475, 0.205, 1.337, 0.5995, 0.2815, 0.37, 11
3, 0.33, 0.265, 0.09, 0.18, 0.068, 0.036, 0.06, 6
1, 0.485, 0.365, 0.155, 1.029, 0.4235, 0.2285, 0.313, 8
1, 0.49, 0.385, 0.125, 0.609, 0.3065, 0.096, 0.1775, 8
1, 0.615, 0.53, 0.17, 1.12, 0.5775, 0.2095, 0.286, 9
3, 0.465, 0.365, 0.115, 0.467, 0.2315, 0.0925, 0.113, 7
2, 0.475, 0.38, 0.14, 0.689, 0.3165, 0.1315, 0.1955, 7
2, 0.55, 0.43, 0.15, 0.84, 0.395, 0.195, 0.223, 8
2, 0.62, 0.48, 0.165, 1.0125, 0.5325, 0.4365, 0.324, 10
3, 0.51, 0.395, 0.13, 0.6025, 0.281, 0.143, 0.162, 7
2, 0.635, 0.535, 0.19, 1.242, 0.576, 0.2475, 0.39, 14
1, 0.5, 0.405, 0.14, 0.6155, 0.241, 0.1355, 0.205, 9
2, 0.56, 0.445, 0.155, 1.224, 0.5565, 0.3225, 0.2695, 10
3, 0.355, 0.27, 0.105, 0.271, 0.1425, 0.0525, 0.0735, 9
3, 0.37, 0.275, 0.1, 0.22, 0.094, 0.045, 0.065, 7
2, 0.605, 0.475, 0.175, 1.382, 0.609, 0.2325, 0.3985, 10
3, 0.365, 0.27, 0.085, 0.196, 0.0825, 0.0375, 0.06, 7
2, 0.48, 0.38, 0.12, 0.608, 0.2705, 0.1405, 0.185, 8
2, 0.35, 0.265, 0.09, 0.1855, 0.0745, 0.0415, 0.06, 7
3, 0.37, 0.275, 0.085, 0.2045, 0.096, 0.056, 0.08, 6
3, 0.165, 0.11, 0.02, 0.019, 0.0065, 0.0025, 0.005, 4
3, 0.525, 0.4, 0.14, 0.654, 0.305, 0.16, 0.169, 7
2, 0.505, 0.405, 0.16, 0.6835, 0.271, 0.145, 0.215, 10
2, 0.695, 0.565, 0.19, 1.7635, 0.7465, 0.399, 0.4975, 11
1, 0.465, 0.405, 0.135, 0.7775, 0.436, 0.1715, 0.1455, 10
2, 0.65, 0.59, 0.22, 1.662, 0.77, 0.378, 0.435, 11
2, 0.41, 0.315, 0.11, 0.321, 0.1255, 0.0655, 0.095, 10
2, 0.49, 0.385, 0.125, 0.5395, 0.2175, 0.128, 0.165, 11
1, 0.55, 0.435, 0.14, 0.7625, 0.327, 0.1685, 0.259, 10
3, 0.25, 0.185, 0.065, 0.0685, 0.0295, 0.014, 0.0225, 5
3, 0.365, 0.27, 0.075, 0.2215, 0.095, 0.0445, 0.07, 6
3, 0.51, 0.4, 0.125, 0.5575, 0.2615, 0.1195, 0.1525, 9
2, 0.56, 0.44, 0.135, 0.8025, 0.35, 0.1615, 0.259, 9
3, 0.51, 0.395, 0.105, 0.5525, 0.234, 0.127, 0.165, 8
1, 0.545, 0.42, 0.145, 0.778, 0.3745, 0.1545, 0.205, 7
2, 0.475, 0.35, 0.115, 0.452, 0.1715, 0.092, 0.155, 11
1, 0.425, 0.335, 0.1, 0.4085, 0.1755, 0.092, 0.135, 9
3, 0.45, 0.335, 0.115, 0.3935, 0.195, 0.071, 0.11, 7
3, 0.41, 0.31, 0.11, 0.315, 0.124, 0.082, 0.095, 9
3, 0.385, 0.285, 0.085, 0.244, 0.1215, 0.0445, 0.068, 8
2, 0.675, 0.55, 0.19, 1.551, 0.7105, 0.3685, 0.412, 13
3, 0.555, 0.425, 0.13, 0.648, 0.2835, 0.133, 0.2105, 8
2, 0.44, 0.34, 0.1, 0.451, 0.188, 0.087, 0.13, 10
2, 0.6, 0.45, 0.14, 0.837, 0.37, 0.177, 0.2425, 10
1, 0.435, 0.335, 0.11, 0.4385, 0.2075, 0.0715, 0.1315, 7
3, 0.53, 0.4, 0.145, 0.555, 0.1935, 0.1305, 0.195, 9
1, 0.4, 0.305, 0.085, 0.297, 0.108, 0.0705, 0.1, 10
1, 0.595, 0.47, 0.175, 0.991, 0.382, 0.2395, 0.5, 12
3, 0.355, 0.26, 0.09, 0.1925, 0.077, 0.038, 0.065, 8
2, 0.435, 0.35, 0.105, 0.4195, 0.194, 0.1005, 0.13, 7
1, 0.725, 0.55, 0.2, 1.51, 0.8735, 0.4265, 0.5085, 9
3, 0.19, 0.13, 0.045, 0.0265, 0.009, 0.005, 0.009, 5
2, 0.49, 0.37, 0.14, 0.585, 0.243, 0.115, 0.195, 10
1, 0.635, 0.495, 0.195, 1.172, 0.445, 0.3115, 0.3475, 11
3, 0.515, 0.395, 0.125, 0.5805, 0.2365, 0.1075, 0.19, 9
3, 0.385, 0.28, 0.085, 0.2175, 0.097, 0.038, 0.067, 8
3, 0.39, 0.3, 0.1, 0.3085, 0.1385, 0.0735, 0.085, 6
2, 0.68, 0.51, 0.2, 1.6075, 0.714, 0.339, 0.4705, 11
3, 0.515, 0.38, 0.12, 0.625, 0.3265, 0.1295, 0.16, 7
3, 0.29, 0.225, 0.07, 0.101, 0.036, 0.0235, 0.035, 8
1, 0.46, 0.34, 0.135, 0.495, 0.1655, 0.117, 0.185, 10
2, 0.635, 0.505, 0.17, 1.415, 0.605, 0.297, 0.365, 15
2, 0.49, 0.385, 0.16, 0.656, 0.2455, 0.171, 0.205, 9
1, 0.555, 0.435, 0.135, 0.858, 0.377, 0.1585, 0.29, 15
1, 0.67, 0.54, 0.175, 1.482, 0.739, 0.2925, 0.365, 10
2, 0.6, 0.465, 0.155, 1.04, 0.4755, 0.25, 0.28, 11
3, 0.445, 0.325, 0.1, 0.378, 0.1795, 0.1, 0.089, 7
3, 0.46, 0.345, 0.105, 0.449, 0.196, 0.0945, 0.1265, 7
1, 0.58, 0.46, 0.18, 1.145, 0.48, 0.277, 0.325, 11
2, 0.405, 0.31, 0.12, 0.3095, 0.138, 0.058, 0.095, 13
1, 0.6, 0.46, 0.155, 0.9595, 0.4455, 0.189, 0.295, 11
2, 0.58, 0.46, 0.135, 0.926, 0.4025, 0.208, 0.275, 8
1, 0.5, 0.365, 0.13, 0.5945, 0.309, 0.1085, 0.1535, 9
3, 0.5, 0.395, 0.12, 0.537, 0.2165, 0.1085, 0.1785, 9
1, 0.43, 0.31, 0.13, 0.6485, 0.2735, 0.163, 0.184, 9
1, 0.455, 0.35, 0.11, 0.458, 0.2, 0.111, 0.1305, 8
3, 0.355, 0.28, 0.085, 0.2905, 0.095, 0.0395, 0.115, 7
2, 0.72, 0.55, 0.195, 2.073, 1.0715, 0.4265, 0.5015, 9
1, 0.52, 0.415, 0.175, 0.753, 0.258, 0.171, 0.255, 8
2, 0.685, 0.53, 0.17, 1.5105, 0.7385, 0.3525, 0.3725, 10
3, 0.075, 0.055, 0.01, 0.002, 0.001, 0.0005, 0.0015, 1
2, 0.58, 0.435, 0.14, 0.953, 0.475, 0.2165, 0.2095, 9
3, 0.25, 0.19, 0.065, 0.0835, 0.039, 0.015, 0.025, 5
3, 0.41, 0.305, 0.1, 0.2645, 0.1, 0.0655, 0.085, 7
2, 0.505, 0.395, 0.145, 0.6515, 0.2695, 0.153, 0.205, 15
3, 0.46, 0.35, 0.115, 0.4155, 0.18, 0.098, 0.1175, 7
1, 0.56, 0.45, 0.175, 1.011, 0.3835, 0.2065, 0.37, 15
3, 0.35, 0.265, 0.11, 0.209, 0.066, 0.059, 0.075, 9
2, 0.615, 0.46, 0.15, 1.0265, 0.4935, 0.201, 0.2745, 10
3, 0.21, 0.17, 0.045, 0.0475, 0.019, 0.011, 0.013, 5
2, 0.475, 0.38, 0.145, 0.57, 0.167, 0.118, 0.187, 11
3, 0.425, 0.31, 0.09, 0.301, 0.1385, 0.065, 0.08, 7
3, 0.505, 0.4, 0.145, 0.7045, 0.334, 0.1425, 0.207, 8
3, 0.59, 0.45, 0.125, 0.86, 0.437, 0.1515, 0.245, 9
1, 0.585, 0.455, 0.145, 0.953, 0.3945, 0.2685, 0.258, 10
3, 0.425, 0.31, 0.095, 0.3075, 0.139, 0.0745, 0.093, 7
1, 0.5, 0.4, 0.125, 0.6725, 0.336, 0.12, 0.1825, 7
2, 0.7, 0.575, 0.205, 1.773, 0.605, 0.447, 0.538, 13
3, 0.415, 0.33, 0.1, 0.3905, 0.1925, 0.0755, 0.1025, 7
1, 0.5, 0.4, 0.165, 0.825, 0.254, 0.205, 0.285, 13
3, 0.42, 0.345, 0.115, 0.3435, 0.1515, 0.0795, 0.115, 9
3, 0.46, 0.35, 0.1, 0.471, 0.252, 0.077, 0.123, 8
3, 0.34, 0.265, 0.08, 0.2015, 0.09, 0.0475, 0.055, 5
1, 0.415, 0.305, 0.1, 0.325, 0.156, 0.0505, 0.091, 6
3, 0.515, 0.35, 0.105, 0.4745, 0.213, 0.123, 0.1275, 10
1, 0.52, 0.425, 0.125, 0.79, 0.372, 0.205, 0.19, 8
2, 0.62, 0.475, 0.15, 0.9545, 0.455, 0.1865, 0.277, 9
1, 0.695, 0.515, 0.175, 1.5165, 0.578, 0.4105, 0.39, 15
3, 0.58, 0.44, 0.145, 0.7905, 0.3525, 0.1645, 0.242, 10
1, 0.52, 0.4, 0.165, 0.8565, 0.2745, 0.201, 0.21, 12
2, 0.505, 0.39, 0.175, 0.692, 0.267, 0.15, 0.215, 12
2, 0.575, 0.45, 0.1, 0.9315, 0.431, 0.222, 0.235, 12
2, 0.46, 0.365, 0.125, 0.4785, 0.206, 0.1045, 0.141, 8
3, 0.585, 0.475, 0.16, 1.0505, 0.48, 0.234, 0.285, 10
2, 0.52, 0.425, 0.165, 0.9885, 0.396, 0.225, 0.32, 16
1, 0.35, 0.26, 0.09, 0.198, 0.0725, 0.056, 0.06, 10
1, 0.56, 0.41, 0.165, 0.93, 0.3505, 0.237, 0.3, 13
1, 0.59, 0.47, 0.18, 1.1235, 0.4205, 0.2805, 0.36, 13
2, 0.495, 0.375, 0.15, 0.597, 0.2615, 0.135, 0.178, 11
1, 0.55, 0.425, 0.15, 0.8315, 0.411, 0.1765, 0.2165, 10
3, 0.475, 0.375, 0.11, 0.494, 0.211, 0.109, 0.1545, 8
1, 0.45, 0.35, 0.13, 0.46, 0.174, 0.111, 0.135, 8
2, 0.585, 0.45, 0.16, 1.077, 0.4995, 0.2875, 0.25, 10
2, 0.565, 0.45, 0.16, 0.795, 0.3605, 0.1555, 0.23, 12
2, 0.5, 0.385, 0.13, 0.768, 0.2625, 0.095, 0.27, 13
3, 0.445, 0.32, 0.12, 0.378, 0.152, 0.0825, 0.12, 8
1, 0.62, 0.46, 0.16, 0.9505, 0.4915, 0.2, 0.228, 9
2, 0.66, 0.515, 0.18, 1.523, 0.54, 0.3365, 0.555, 16
3, 0.3, 0.22, 0.065, 0.1195, 0.052, 0.0155, 0.035, 5
2, 0.595, 0.47, 0.165, 1.0155, 0.491, 0.1905, 0.289, 9
3, 0.255, 0.195, 0.07, 0.0735, 0.0255, 0.02, 0.025, 6
2, 0.625, 0.515, 0.16, 1.264, 0.5715, 0.326, 0.321, 9
2, 0.5, 0.4, 0.165, 0.7105, 0.27, 0.1455, 0.225, 20
1, 0.59, 0.465, 0.14, 1.046, 0.4695, 0.263, 0.263, 7
2, 0.58, 0.44, 0.18, 0.854, 0.3665, 0.1635, 0.245, 12
1, 0.335, 0.25, 0.09, 0.181, 0.0755, 0.0415, 0.06, 7
2, 0.465, 0.35, 0.11, 0.4085, 0.165, 0.102, 0.131, 8
1, 0.525, 0.365, 0.17, 0.9605, 0.438, 0.2225, 0.276, 10
1, 0.5, 0.41, 0.15, 0.662, 0.2815, 0.137, 0.22, 11
2, 0.55, 0.47, 0.15, 0.9205, 0.381, 0.2435, 0.2675, 10
3, 0.405, 0.3, 0.105, 0.304, 0.1455, 0.061, 0.0805, 6
3, 0.335, 0.25, 0.075, 0.1825, 0.0705, 0.044, 0.055, 7
3, 0.445, 0.33, 0.12, 0.347, 0.12, 0.084, 0.105, 11
1, 0.325, 0.24, 0.085, 0.173, 0.0795, 0.038, 0.05, 7
2, 0.71, 0.5, 0.15, 1.3165, 0.6835, 0.2815, 0.28, 10
2, 0.635, 0.505, 0.165, 1.251, 0.577, 0.227, 0.3825, 11
3, 0.395, 0.29, 0.095, 0.3, 0.158, 0.068, 0.078, 7
3, 0.515, 0.385, 0.125, 0.572, 0.237, 0.1435, 0.165, 7
1, 0.46, 0.38, 0.135, 0.482, 0.207, 0.1225, 0.145, 10
2, 0.655, 0.515, 0.2, 1.494, 0.7255, 0.309, 0.405, 12
2, 0.625, 0.42, 0.165, 1.0595, 0.358, 0.165, 0.445, 21
3, 0.38, 0.29, 0.1, 0.237, 0.108, 0.0395, 0.082, 6
1, 0.545, 0.45, 0.15, 0.8795, 0.387, 0.15, 0.2625, 11
2, 0.645, 0.52, 0.175, 1.3345, 0.667, 0.2665, 0.355, 10
1, 0.6, 0.475, 0.16, 1.164, 0.5045, 0.2635, 0.335, 12
1, 0.625, 0.495, 0.175, 1.2075, 0.531, 0.281, 0.3525, 11
1, 0.535, 0.435, 0.155, 0.8915, 0.3415, 0.177, 0.25, 13
2, 0.61, 0.47, 0.16, 1.017, 0.426, 0.2255, 0.32, 12
1, 0.525, 0.41, 0.165, 0.8005, 0.2635, 0.1985, 0.25, 13
2, 0.55, 0.44, 0.15, 0.8945, 0.3145, 0.151, 0.32, 19
2, 0.665, 0.515, 0.18, 1.389, 0.5945, 0.324, 0.395, 10
2, 0.645, 0.5, 0.15, 1.159, 0.4675, 0.3355, 0.31, 9
3, 0.455, 0.33, 0.1, 0.372, 0.358, 0.0775, 0.11, 8
1, 0.625, 0.485, 0.17, 1.437, 0.5855, 0.293, 0.475, 11
3, 0.32, 0.255, 0.085, 0.1745, 0.072, 0.033, 0.057, 8
3, 0.495, 0.375, 0.12, 0.589, 0.3075, 0.1215, 0.1405, 8
1, 0.625, 0.49, 0.165, 1.205, 0.5175, 0.3105, 0.3465, 10
2, 0.61, 0.495, 0.175, 1.2635, 0.53, 0.315, 0.3455, 10
1, 0.525, 0.405, 0.16, 0.792, 0.316, 0.1455, 0.28, 13
2, 0.655, 0.53, 0.165, 1.2835, 0.583, 0.1255, 0.4, 8
1, 0.49, 0.39, 0.14, 0.707, 0.2795, 0.2185, 0.18, 13
1, 0.695, 0.55, 0.195, 1.6645, 0.727, 0.36, 0.445, 11
2, 0.57, 0.47, 0.14, 0.871, 0.385, 0.211, 0.2315, 10
3, 0.325, 0.24, 0.075, 0.1525, 0.072, 0.0645, 0.043, 6
1, 0.625, 0.475, 0.16, 1.0845, 0.5005, 0.2355, 0.3105, 10
2, 0.615, 0.5, 0.205, 1.1055, 0.4445, 0.227, 0.39, 16
2, 0.52, 0.41, 0.17, 0.8705, 0.3735, 0.219, 0.25, 14
2, 0.75, 0.57, 0.21, 2.236, 1.109, 0.5195, 0.545, 11
2, 0.62, 0.48, 0.16, 1.1125, 0.5635, 0.2445, 0.281, 8
1, 0.59, 0.46, 0.13, 1.102, 0.455, 0.2055, 0.33, 12
2, 0.56, 0.435, 0.125, 0.8775, 0.3345, 0.2145, 0.29, 13
1, 0.47, 0.375, 0.13, 0.523, 0.214, 0.132, 0.145, 8
2, 0.52, 0.405, 0.14, 0.6915, 0.276, 0.137, 0.215, 11
1, 0.565, 0.39, 0.125, 0.744, 0.352, 0.13, 0.1685, 11
3, 0.385, 0.29, 0.09, 0.2615, 0.111, 0.0595, 0.0745, 9
1, 0.685, 0.55, 0.2, 1.7725, 0.813, 0.387, 0.49, 11
3, 0.59, 0.465, 0.195, 1.0885, 0.3685, 0.187, 0.375, 17
2, 0.69, 0.54, 0.155, 1.454, 0.624, 0.3105, 0.39, 9
1, 0.63, 0.51, 0.175, 1.3415, 0.6575, 0.262, 0.375, 10
2, 0.67, 0.52, 0.195, 1.8065, 0.758, 0.3735, 0.5055, 11
2, 0.36, 0.265, 0.09, 0.2165, 0.096, 0.037, 0.0735, 10
3, 0.465, 0.345, 0.105, 0.4015, 0.242, 0.0345, 0.109, 6
3, 0.475, 0.36, 0.145, 0.6325, 0.2825, 0.137, 0.19, 8
2, 0.695, 0.535, 0.2, 1.5855, 0.667, 0.334, 0.471, 11
2, 0.565, 0.44, 0.15, 0.983, 0.4475, 0.2355, 0.2485, 9
2, 0.75, 0.61, 0.235, 2.5085, 1.232, 0.519, 0.612, 14
1, 0.5, 0.385, 0.135, 0.551, 0.2245, 0.0715, 0.206, 11
1, 0.62, 0.515, 0.175, 1.221, 0.535, 0.241, 0.395, 13
2, 0.67, 0.55, 0.155, 1.566, 0.858, 0.339, 0.354, 10
3, 0.55, 0.425, 0.135, 0.7305, 0.3325, 0.1545, 0.215, 9
1, 0.735, 0.59, 0.205, 2.087, 0.909, 0.474, 0.625, 12
3, 0.335, 0.25, 0.08, 0.1695, 0.0695, 0.044, 0.0495, 6
1, 0.575, 0.435, 0.13, 1.0105, 0.368, 0.222, 0.32, 10
2, 0.69, 0.56, 0.215, 1.719, 0.68, 0.299, 0.47, 17
2, 0.6, 0.475, 0.17, 1.088, 0.4905, 0.2475, 0.31, 10
3, 0.465, 0.355, 0.12, 0.5805, 0.255, 0.0915, 0.184, 8
2, 0.54, 0.425, 0.16, 0.9455, 0.3675, 0.2005, 0.295, 9
3, 0.24, 0.175, 0.045, 0.07, 0.0315, 0.0235, 0.02, 5
1, 0.715, 0.55, 0.175, 1.825, 0.938, 0.3805, 0.44, 11
1, 0.395, 0.305, 0.105, 0.282, 0.0975, 0.065, 0.096, 9
2, 0.605, 0.455, 0.145, 0.862, 0.334, 0.1985, 0.3, 9
3, 0.465, 0.36, 0.105, 0.498, 0.214, 0.116, 0.14, 15
3, 0.515, 0.42, 0.135, 0.711, 0.337, 0.144, 0.205, 13
2, 0.525, 0.405, 0.115, 0.72, 0.3105, 0.1915, 0.2, 14
1, 0.5, 0.385, 0.145, 0.7615, 0.246, 0.195, 0.204, 14
2, 0.68, 0.55, 0.175, 1.473, 0.713, 0.282, 0.4295, 11
2, 0.665, 0.525, 0.18, 1.5785, 0.678, 0.229, 0.456, 14
3, 0.615, 0.49, 0.155, 0.9885, 0.4145, 0.195, 0.345, 13
1, 0.59, 0.45, 0.16, 0.998, 0.445, 0.214, 0.301, 9
1, 0.62, 0.485, 0.155, 1.0295, 0.425, 0.2315, 0.335, 12
1, 0.335, 0.235, 0.085, 0.1545, 0.066, 0.0345, 0.045, 6
3, 0.655, 0.515, 0.145, 1.25, 0.5265, 0.283, 0.315, 15
3, 0.28, 0.215, 0.08, 0.132, 0.072, 0.022, 0.033, 5
3, 0.585, 0.45, 0.135, 0.855, 0.3795, 0.187, 0.26, 9
2, 0.555, 0.44, 0.14, 0.846, 0.346, 0.1715, 0.2735, 10
2, 0.6, 0.475, 0.16, 1.0265, 0.485, 0.2495, 0.2565, 9
1, 0.71, 0.57, 0.195, 1.348, 0.8985, 0.4435, 0.4535, 11
3, 0.5, 0.38, 0.135, 0.5285, 0.226, 0.123, 0.209, 8
1, 0.64, 0.515, 0.18, 1.247, 0.5475, 0.2925, 0.3685, 10
3, 0.285, 0.215, 0.06, 0.0935, 0.031, 0.023, 0.03, 6
2, 0.53, 0.42, 0.17, 0.828, 0.41, 0.208, 0.1505, 6
1, 0.55, 0.45, 0.155, 0.7895, 0.343, 0.159, 0.25, 12
1, 0.565, 0.455, 0.17, 0.9065, 0.342, 0.156, 0.32, 18
1, 0.27, 0.195, 0.07, 0.106, 0.0465, 0.018, 0.036, 7
3, 0.495, 0.385, 0.125, 0.5125, 0.2075, 0.1155, 0.172, 10
1, 0.525, 0.425, 0.125, 0.812, 0.4035, 0.1705, 0.195, 8
2, 0.535, 0.435, 0.16, 0.8105, 0.3155, 0.1795, 0.24, 10
2, 0.625, 0.5, 0.16, 1.217, 0.5725, 0.207, 0.355, 11
2, 0.485, 0.365, 0.12, 0.5885, 0.27, 0.131, 0.175, 9
3, 0.365, 0.27, 0.085, 0.1875, 0.081, 0.042, 0.058, 6
1, 0.53, 0.405, 0.13, 0.738, 0.2845, 0.17, 0.193, 9
1, 0.595, 0.485, 0.15, 1.0835, 0.5305, 0.231, 0.276, 8
1, 0.385, 0.295, 0.095, 0.335, 0.147, 0.094, 0.09, 7
1, 0.49, 0.38, 0.135, 0.5415, 0.2175, 0.095, 0.19, 11
3, 0.44, 0.35, 0.11, 0.3805, 0.1575, 0.0895, 0.115, 6
2, 0.61, 0.48, 0.16, 1.234, 0.598, 0.238, 0.315, 12
2, 0.68, 0.55, 0.2, 1.596, 0.525, 0.4075, 0.585, 21
3, 0.26, 0.215, 0.08, 0.099, 0.037, 0.0255, 0.045, 5
2, 0.575, 0.46, 0.16, 1.103, 0.538, 0.221, 0.249, 9
1, 0.45, 0.335, 0.125, 0.4475, 0.2165, 0.126, 0.11, 6
1, 0.58, 0.455, 0.13, 0.852, 0.41, 0.1725, 0.225, 8
1, 0.66, 0.505, 0.165, 1.374, 0.589, 0.351, 0.345, 10
1, 0.56, 0.45, 0.145, 0.894, 0.3885, 0.2095, 0.264, 9
1, 0.615, 0.47, 0.15, 1.0875, 0.4975, 0.283, 0.2685, 9
3, 0.275, 0.205, 0.065, 0.101, 0.041, 0.021, 0.034, 5
2, 0.68, 0.55, 0.19, 1.807, 0.8225, 0.3655, 0.515, 11
1, 0.505, 0.395, 0.135, 0.5915, 0.288, 0.1315, 0.185, 12
1, 0.545, 0.41, 0.12, 0.793, 0.434, 0.1405, 0.19, 9
2, 0.655, 0.5, 0.18, 1.4155, 0.508, 0.314, 0.445, 18
2, 0.565, 0.45, 0.135, 0.9885, 0.387, 0.1495, 0.31, 12
3, 0.28, 0.2, 0.065, 0.0895, 0.036, 0.0185, 0.03, 7
2, 0.66, 0.565, 0.195, 1.7605, 0.692, 0.3265, 0.5, 16
1, 0.58, 0.44, 0.15, 1.0465, 0.518, 0.2185, 0.2795, 10
3, 0.42, 0.32, 0.1, 0.34, 0.1745, 0.05, 0.0945, 8
3, 0.565, 0.42, 0.155, 0.743, 0.31, 0.186, 0.231, 9
3, 0.53, 0.395, 0.125, 0.6235, 0.2975, 0.108, 0.195, 11
1, 0.72, 0.565, 0.145, 1.187, 0.691, 0.1945, 0.2685, 8
2, 0.46, 0.35, 0.115, 0.46, 0.2025, 0.1115, 0.1165, 6
1, 0.645, 0.485, 0.155, 1.489, 0.5915, 0.312, 0.38, 18
1, 0.705, 0.55, 0.21, 1.4385, 0.655, 0.3255, 0.462, 11
1, 0.35, 0.265, 0.09, 0.197, 0.073, 0.0365, 0.077, 7
2, 0.66, 0.525, 0.2, 1.463, 0.6525, 0.2995, 0.422, 11
3, 0.44, 0.335, 0.11, 0.3885, 0.175, 0.0835, 0.111, 7
3, 0.52, 0.39, 0.13, 0.5545, 0.2355, 0.1095, 0.1895, 7
2, 0.48, 0.4, 0.125, 0.759, 0.2125, 0.179, 0.24, 15
2, 0.605, 0.49, 0.15, 1.1345, 0.5265, 0.2645, 0.295, 9
2, 0.58, 0.45, 0.155, 0.93, 0.385, 0.246, 0.265, 9
3, 0.39, 0.3, 0.105, 0.259, 0.0955, 0.038, 0.085, 8
1, 0.655, 0.54, 0.215, 1.844, 0.7425, 0.327, 0.585, 22
3, 0.355, 0.285, 0.095, 0.2275, 0.0955, 0.0475, 0.0715, 6
2, 0.61, 0.495, 0.19, 1.213, 0.464, 0.306, 0.365, 15
1, 0.62, 0.485, 0.155, 1.049, 0.462, 0.231, 0.25, 10
3, 0.11, 0.09, 0.03, 0.008, 0.0025, 0.002, 0.003, 3
1, 0.61, 0.49, 0.15, 1.103, 0.425, 0.2025, 0.36, 23
3, 0.38, 0.275, 0.1, 0.2255, 0.08, 0.049, 0.085, 10
1, 0.68, 0.53, 0.205, 1.496, 0.5825, 0.337, 0.465, 14
1, 0.55, 0.425, 0.16, 0.793, 0.343, 0.2035, 0.215, 9
2, 0.64, 0.485, 0.185, 1.4195, 0.6735, 0.3465, 0.3255, 11
2, 0.455, 0.355, 0.12, 0.4495, 0.177, 0.104, 0.15, 9
2, 0.645, 0.525, 0.17, 1.37, 0.6135, 0.283, 0.34, 10
2, 0.605, 0.475, 0.175, 1.076, 0.463, 0.2195, 0.335, 9
3, 0.44, 0.33, 0.11, 0.3705, 0.1545, 0.084, 0.12, 7
1, 0.69, 0.505, 0.2, 1.872, 0.893, 0.4015, 0.48, 10
2, 0.5, 0.44, 0.155, 0.742, 0.2025, 0.2005, 0.2115, 14
1, 0.625, 0.48, 0.16, 1.2415, 0.6575, 0.2625, 0.2785, 9
2, 0.44, 0.34, 0.14, 0.482, 0.186, 0.1085, 0.16, 9
1, 0.61, 0.485, 0.17, 1.0225, 0.419, 0.2405, 0.36, 12
3, 0.385, 0.3, 0.095, 0.302, 0.152, 0.0615, 0.0735, 7
2, 0.65, 0.5, 0.185, 1.4415, 0.741, 0.2955, 0.341, 9
1, 0.6, 0.475, 0.205, 1.176, 0.5255, 0.2875, 0.308, 9
1, 0.485, 0.41, 0.15, 0.696, 0.2405, 0.1625, 0.265, 13
2, 0.61, 0.465, 0.16, 1.0725, 0.4835, 0.2515, 0.28, 10
1, 0.63, 0.5, 0.175, 1.2645, 0.5635, 0.3065, 0.3425, 10
2, 0.605, 0.515, 0.17, 1.289, 0.6, 0.2945, 0.3315, 9
3, 0.535, 0.4, 0.145, 0.705, 0.3065, 0.1365, 0.22, 10
2, 0.57, 0.46, 0.17, 1.1, 0.4125, 0.2205, 0.38, 14
2, 0.635, 0.51, 0.185, 1.286, 0.526, 0.295, 0.4105, 12
1, 0.47, 0.36, 0.105, 0.544, 0.27, 0.1395, 0.129, 7
1, 0.555, 0.455, 0.135, 0.837, 0.382, 0.171, 0.235, 9
2, 0.45, 0.35, 0.135, 0.56, 0.231, 0.137, 0.145, 13
2, 0.455, 0.36, 0.11, 0.4385, 0.206, 0.098, 0.125, 10
1, 0.59, 0.47, 0.155, 1.1735, 0.6245, 0.233, 0.2595, 9
1, 0.685, 0.535, 0.155, 1.3845, 0.6615, 0.2145, 0.4075, 10
1, 0.565, 0.455, 0.155, 0.9355, 0.421, 0.183, 0.26, 11
3, 0.435, 0.325, 0.1, 0.366, 0.174, 0.0725, 0.109, 7
1, 0.6, 0.47, 0.13, 1.0105, 0.423, 0.219, 0.298, 9
3, 0.36, 0.265, 0.075, 0.1785, 0.0785, 0.035, 0.054, 6
3, 0.52, 0.395, 0.115, 0.6445, 0.3155, 0.1245, 0.186, 11
1, 0.69, 0.53, 0.19, 1.5955, 0.678, 0.331, 0.48, 10
3, 0.5, 0.36, 0.12, 0.439, 0.1875, 0.1055, 0.1305, 8
1, 0.625, 0.48, 0.16, 1.1415, 0.5795, 0.2145, 0.29, 9
2, 0.46, 0.355, 0.13, 0.458, 0.192, 0.1055, 0.13, 13
3, 0.415, 0.325, 0.1, 0.3335, 0.1445, 0.0715, 0.095, 7
1, 0.55, 0.385, 0.13, 0.7275, 0.343, 0.1625, 0.19, 8
2, 0.6, 0.47, 0.15, 0.922, 0.363, 0.194, 0.305, 10
1, 0.56, 0.45, 0.14, 0.9, 0.472, 0.182, 0.218, 7
3, 0.36, 0.265, 0.095, 0.2315, 0.105, 0.046, 0.075, 7
2, 0.675, 0.525, 0.155, 1.4785, 0.628, 0.3405, 0.42, 9
3, 0.485, 0.37, 0.115, 0.637, 0.38, 0.1335, 0.128, 7
1, 0.44, 0.35, 0.11, 0.4585, 0.2, 0.0885, 0.13, 9
3, 0.315, 0.24, 0.07, 0.137, 0.0545, 0.0315, 0.04, 8
2, 0.625, 0.49, 0.155, 1.2085, 0.465, 0.162, 0.411, 11
1, 0.49, 0.38, 0.11, 0.554, 0.2935, 0.1005, 0.15, 8
2, 0.585, 0.45, 0.125, 0.874, 0.3545, 0.2075, 0.225, 6
1, 0.515, 0.395, 0.135, 1.007, 0.472, 0.2495, 0.252, 8
1, 0.65, 0.525, 0.175, 1.4715, 0.675, 0.315, 0.399, 11
3, 0.45, 0.35, 0.135, 0.494, 0.2205, 0.0945, 0.1405, 7
3, 0.36, 0.275, 0.11, 0.2335, 0.095, 0.0525, 0.085, 10
3, 0.435, 0.335, 0.105, 0.3535, 0.156, 0.05, 0.1135, 7
1, 0.65, 0.525, 0.205, 1.4275, 0.69, 0.306, 0.4355, 13
1, 0.62, 0.495, 0.195, 1.5145, 0.579, 0.346, 0.5195, 15
1, 0.44, 0.375, 0.13, 0.487, 0.226, 0.0965, 0.155, 9
2, 0.37, 0.275, 0.085, 0.2405, 0.104, 0.0535, 0.07, 5
1, 0.66, 0.515, 0.2, 1.6465, 0.749, 0.422, 0.401, 11
1, 0.63, 0.515, 0.175, 1.1955, 0.492, 0.247, 0.37, 11
1, 0.5, 0.38, 0.155, 0.5955, 0.2135, 0.161, 0.2, 12
3, 0.335, 0.24, 0.095, 0.17, 0.062, 0.039, 0.055, 9
2, 0.46, 0.355, 0.13, 0.517, 0.2205, 0.114, 0.165, 9
2, 0.46, 0.36, 0.115, 0.4755, 0.2105, 0.105, 0.16, 8
1, 0.535, 0.42, 0.145, 0.791, 0.33, 0.189, 0.25, 10
3, 0.38, 0.275, 0.11, 0.256, 0.11, 0.0535, 0.0755, 6
1, 0.51, 0.41, 0.145, 0.796, 0.3865, 0.1815, 0.1955, 8
1, 0.62, 0.49, 0.19, 1.218, 0.5455, 0.2965, 0.355, 13
