@relation abalone
@attribute Sex integer [1, 3]
@attribute Length real [0.075, 0.815]
@attribute Diameter real [0.055, 0.65]
@attribute Height real [0.0, 1.13]
@attribute Whole_weight real [0.0020, 2.8255]
@attribute Shucked_weight real [0.0010, 1.488]
@attribute Viscera_weight real [5.0E-4, 0.76]
@attribute Shell_weight real [0.0015, 1.005]
@attribute Rings integer [1, 29]
@inputs Sex, Length, Diameter, Height, Whole_weight, Shucked_weight, Viscera_weight, Shell_weight
@outputs Rings
@data
2, 0.495, 0.38, 0.12, 0.573, 0.2655, 0.1285, 0.144, 7
3, 0.25, 0.19, 0.06, 0.0765, 0.036, 0.0115, 0.0245, 6
3, 0.165, 0.12, 0.03, 0.0215, 0.007, 0.005, 0.005, 3
1, 0.575, 0.45, 0.155, 0.948, 0.429, 0.206, 0.259, 7
2, 0.535, 0.415, 0.17, 0.879, 0.295, 0.1965, 0.285, 10
1, 0.665, 0.52, 0.175, 1.3725, 0.606, 0.32, 0.395, 12
1, 0.425, 0.33, 0.08, 0.361, 0.134, 0.0825, 0.125, 7
1, 0.555, 0.44, 0.15, 1.092, 0.416, 0.212, 0.4405, 15
1, 0.595, 0.47, 0.165, 1.108, 0.4915, 0.2325, 0.3345, 9
1, 0.66, 0.535, 0.2, 1.791, 0.733, 0.318, 0.54, 15
3, 0.57, 0.425, 0.14, 0.7655, 0.331, 0.14, 0.24, 10
1, 0.505, 0.41, 0.125, 0.642, 0.289, 0.133, 0.155, 9
1, 0.645, 0.5, 0.175, 1.3385, 0.633, 0.299, 0.349, 11
3, 0.46, 0.35, 0.12, 0.4885, 0.193, 0.105, 0.155, 11
2, 0.455, 0.35, 0.14, 0.5725, 0.1965, 0.1325, 0.175, 10
2, 0.58, 0.48, 0.18, 1.2495, 0.4945, 0.27, 0.371, 8
1, 0.655, 0.525, 0.18, 1.402, 0.624, 0.2935, 0.365, 13
2, 0.705, 0.55, 0.2, 1.7095, 0.633, 0.4115, 0.49, 13
3, 0.515, 0.395, 0.125, 0.6635, 0.32, 0.14, 0.17, 8
2, 0.54, 0.42, 0.13, 0.7505, 0.368, 0.1675, 0.1845, 9
1, 0.54, 0.435, 0.14, 0.7345, 0.33, 0.1595, 0.213, 9
2, 0.595, 0.44, 0.135, 0.964, 0.5005, 0.1715, 0.2575, 10
2, 0.63, 0.5, 0.16, 1.22, 0.4905, 0.3, 0.345, 14
1, 0.615, 0.49, 0.17, 1.145, 0.4915, 0.208, 0.343, 13
2, 0.515, 0.4, 0.17, 0.796, 0.258, 0.1755, 0.28, 16
1, 0.61, 0.475, 0.155, 1.168, 0.554, 0.239, 0.3295, 10
3, 0.535, 0.4, 0.135, 0.775, 0.368, 0.208, 0.2055, 8
2, 0.615, 0.465, 0.15, 0.923, 0.4615, 0.1825, 0.2415, 9
3, 0.455, 0.36, 0.115, 0.457, 0.2085, 0.0855, 0.147, 10
1, 0.495, 0.385, 0.135, 0.709, 0.211, 0.1375, 0.262, 12
1, 0.61, 0.485, 0.145, 1.3305, 0.783, 0.2255, 0.2865, 9
2, 0.625, 0.485, 0.135, 1.3025, 0.61, 0.2675, 0.3605, 14
3, 0.33, 0.25, 0.075, 0.1405, 0.056, 0.035, 0.05, 5
2, 0.54, 0.415, 0.15, 0.8115, 0.3875, 0.1875, 0.2035, 9
2, 0.58, 0.445, 0.15, 0.858, 0.4, 0.156, 0.253, 8
2, 0.695, 0.56, 0.22, 1.834, 0.8455, 0.422, 0.455, 11
1, 0.605, 0.455, 0.16, 1.1215, 0.533, 0.273, 0.271, 10
1, 0.67, 0.51, 0.2, 1.5945, 0.6705, 0.3845, 0.4505, 10
1, 0.61, 0.48, 0.15, 1.2, 0.56, 0.2455, 0.28, 14
3, 0.62, 0.485, 0.18, 1.154, 0.4935, 0.256, 0.315, 12
1, 0.395, 0.28, 0.08, 0.266, 0.0995, 0.066, 0.09, 12
3, 0.575, 0.45, 0.135, 0.8715, 0.45, 0.162, 0.225, 10
2, 0.43, 0.325, 0.115, 0.3865, 0.1475, 0.1065, 0.11, 11
3, 0.46, 0.335, 0.11, 0.444, 0.225, 0.0745, 0.11, 8
2, 0.54, 0.475, 0.155, 1.217, 0.5305, 0.3075, 0.34, 16
2, 0.57, 0.43, 0.16, 0.811, 0.3875, 0.159, 0.2285, 9
3, 0.235, 0.16, 0.04, 0.048, 0.0185, 0.018, 0.015, 5
2, 0.72, 0.595, 0.225, 1.969, 0.8045, 0.423, 0.66, 16
3, 0.375, 0.29, 0.085, 0.2385, 0.118, 0.045, 0.0695, 7
1, 0.525, 0.415, 0.135, 0.7945, 0.394, 0.189, 0.202, 7
3, 0.365, 0.27, 0.105, 0.2155, 0.0915, 0.0475, 0.063, 6
3, 0.17, 0.13, 0.095, 0.03, 0.013, 0.008, 0.01, 4
1, 0.445, 0.32, 0.12, 0.414, 0.199, 0.09, 0.117, 7
2, 0.57, 0.465, 0.155, 0.872, 0.3245, 0.239, 0.285, 14
2, 0.415, 0.325, 0.105, 0.38, 0.1595, 0.0785, 0.12, 12
2, 0.645, 0.525, 0.2, 1.449, 0.601, 0.2565, 0.505, 13
3, 0.39, 0.285, 0.1, 0.281, 0.1275, 0.062, 0.077, 7
1, 0.69, 0.525, 0.2, 1.7825, 0.9165, 0.3325, 0.461, 12
3, 0.535, 0.41, 0.155, 0.6315, 0.2745, 0.1415, 0.1815, 12
2, 0.565, 0.44, 0.135, 0.83, 0.393, 0.1735, 0.238, 9
1, 0.515, 0.385, 0.11, 0.5785, 0.253, 0.16, 0.14, 8
3, 0.385, 0.3, 0.125, 0.343, 0.1705, 0.0735, 0.081, 7
1, 0.545, 0.41, 0.14, 0.625, 0.223, 0.16, 0.235, 13
2, 0.67, 0.585, 0.16, 1.309, 0.5445, 0.2945, 0.413, 10
1, 0.605, 0.475, 0.15, 1.15, 0.575, 0.232, 0.297, 10
3, 0.21, 0.15, 0.055, 0.0465, 0.017, 0.012, 0.015, 5
3, 0.385, 0.29, 0.095, 0.312, 0.143, 0.0635, 0.086, 6
3, 0.495, 0.39, 0.125, 0.6655, 0.284, 0.162, 0.2, 11
3, 0.47, 0.345, 0.14, 0.4615, 0.229, 0.1105, 0.116, 9
3, 0.43, 0.34, 0.1, 0.3405, 0.1395, 0.0665, 0.12, 8
3, 0.165, 0.115, 0.015, 0.0145, 0.0055, 0.003, 0.005, 4
3, 0.51, 0.38, 0.115, 0.5155, 0.215, 0.1135, 0.166, 8
2, 0.685, 0.535, 0.175, 1.5845, 0.7175, 0.3775, 0.4215, 9
3, 0.38, 0.285, 0.085, 0.237, 0.115, 0.0405, 0.07, 6
3, 0.32, 0.24, 0.075, 0.1735, 0.076, 0.0355, 0.05, 7
3, 0.275, 0.2, 0.065, 0.092, 0.0385, 0.0235, 0.027, 5
2, 0.36, 0.27, 0.09, 0.1885, 0.0845, 0.0385, 0.055, 5
3, 0.385, 0.29, 0.1, 0.2575, 0.1, 0.061, 0.086, 6
1, 0.605, 0.47, 0.16, 1.1735, 0.4975, 0.2405, 0.345, 12
3, 0.62, 0.47, 0.155, 0.966, 0.447, 0.171, 0.284, 11
2, 0.435, 0.325, 0.115, 0.3915, 0.154, 0.094, 0.12, 7
2, 0.59, 0.465, 0.17, 1.0425, 0.4635, 0.24, 0.27, 10
2, 0.47, 0.375, 0.105, 0.513, 0.232, 0.142, 0.13, 11
3, 0.6, 0.445, 0.135, 0.9205, 0.445, 0.2035, 0.253, 9
1, 0.445, 0.35, 0.14, 0.5905, 0.2025, 0.158, 0.19, 14
3, 0.475, 0.36, 0.11, 0.452, 0.191, 0.099, 0.13, 8
1, 0.625, 0.465, 0.14, 1.195, 0.4825, 0.205, 0.4, 13
3, 0.36, 0.27, 0.085, 0.196, 0.0875, 0.035, 0.064, 4
3, 0.515, 0.4, 0.125, 0.5925, 0.265, 0.1175, 0.168, 9
3, 0.235, 0.17, 0.065, 0.0625, 0.023, 0.014, 0.022, 6
3, 0.605, 0.49, 0.165, 1.071, 0.482, 0.1935, 0.352, 10
2, 0.675, 0.51, 0.195, 1.382, 0.6045, 0.3175, 0.3965, 10
1, 0.565, 0.465, 0.175, 0.995, 0.3895, 0.183, 0.37, 15
1, 0.585, 0.405, 0.15, 1.2565, 0.435, 0.202, 0.325, 15
3, 0.47, 0.37, 0.14, 0.4985, 0.2095, 0.1225, 0.145, 10
2, 0.5, 0.375, 0.115, 0.5945, 0.185, 0.148, 0.19, 11
2, 0.5, 0.4, 0.14, 0.6615, 0.2565, 0.1755, 0.22, 8
2, 0.605, 0.475, 0.165, 1.056, 0.433, 0.2195, 0.357, 9
2, 0.58, 0.46, 0.15, 1.1155, 0.5575, 0.2255, 0.29, 7
2, 0.55, 0.43, 0.14, 0.84, 0.375, 0.218, 0.1945, 8
1, 0.52, 0.4, 0.12, 0.823, 0.298, 0.1805, 0.265, 15
3, 0.3, 0.23, 0.075, 0.15, 0.0605, 0.042, 0.045, 5
3, 0.365, 0.28, 0.09, 0.196, 0.0865, 0.036, 0.0605, 7
1, 0.445, 0.35, 0.12, 0.4425, 0.192, 0.0955, 0.135, 8
1, 0.53, 0.41, 0.14, 0.681, 0.3095, 0.1415, 0.1835, 6
2, 0.47, 0.365, 0.105, 0.4205, 0.163, 0.1035, 0.14, 9
2, 0.62, 0.48, 0.18, 1.2215, 0.582, 0.2695, 0.313, 12
1, 0.59, 0.47, 0.15, 0.9955, 0.481, 0.232, 0.24, 8
3, 0.39, 0.295, 0.1, 0.279, 0.1155, 0.059, 0.08, 7
3, 0.435, 0.32, 0.08, 0.3325, 0.1485, 0.0635, 0.105, 9
1, 0.325, 0.24, 0.075, 0.155, 0.0475, 0.0355, 0.06, 9
3, 0.495, 0.38, 0.13, 0.5125, 0.2185, 0.116, 0.16, 7
2, 0.475, 0.365, 0.13, 0.4805, 0.1905, 0.114, 0.1475, 12
1, 0.68, 0.53, 0.18, 1.529, 0.7635, 0.3115, 0.4025, 11
2, 0.56, 0.435, 0.185, 1.106, 0.422, 0.2435, 0.33, 15
1, 0.585, 0.465, 0.16, 0.9555, 0.4595, 0.236, 0.265, 7
3, 0.47, 0.37, 0.12, 0.4705, 0.1845, 0.1055, 0.155, 12
3, 0.38, 0.28, 0.085, 0.2735, 0.115, 0.061, 0.085, 6
2, 0.55, 0.47, 0.15, 0.897, 0.377, 0.184, 0.29, 9
3, 0.515, 0.405, 0.13, 0.573, 0.213, 0.134, 0.195, 9
3, 0.53, 0.43, 0.14, 0.677, 0.298, 0.0965, 0.23, 8
3, 0.28, 0.22, 0.08, 0.1315, 0.066, 0.024, 0.03, 5
3, 0.59, 0.47, 0.145, 0.974, 0.453, 0.236, 0.289, 8
1, 0.555, 0.445, 0.135, 0.836, 0.336, 0.1625, 0.275, 13
1, 0.53, 0.415, 0.175, 0.7395, 0.261, 0.1395, 0.2645, 17
3, 0.41, 0.33, 0.105, 0.335, 0.1525, 0.074, 0.11, 7
1, 0.52, 0.395, 0.125, 0.5815, 0.2565, 0.1265, 0.17, 10
1, 0.675, 0.525, 0.16, 1.2835, 0.572, 0.2755, 0.3545, 13
1, 0.545, 0.425, 0.135, 0.8445, 0.373, 0.21, 0.235, 10
1, 0.71, 0.56, 0.175, 1.724, 0.566, 0.4575, 0.4625, 13
3, 0.385, 0.285, 0.09, 0.248, 0.0935, 0.066, 0.07, 6
3, 0.61, 0.475, 0.15, 0.9665, 0.4145, 0.2, 0.345, 10
2, 0.64, 0.475, 0.175, 1.1545, 0.4865, 0.341, 0.288, 9
1, 0.695, 0.55, 0.22, 1.5515, 0.566, 0.3835, 0.445, 13
3, 0.575, 0.425, 0.135, 0.7965, 0.364, 0.196, 0.239, 10
1, 0.47, 0.37, 0.135, 0.547, 0.222, 0.1325, 0.17, 12
3, 0.465, 0.355, 0.12, 0.4975, 0.2375, 0.099, 0.14, 8
1, 0.565, 0.45, 0.155, 1.0595, 0.4735, 0.24, 0.265, 10
3, 0.42, 0.3, 0.105, 0.316, 0.1255, 0.07, 0.1035, 7
2, 0.605, 0.47, 0.155, 0.974, 0.393, 0.224, 0.3345, 9
2, 0.65, 0.545, 0.175, 1.5245, 0.59, 0.326, 0.495, 10
1, 0.5, 0.39, 0.125, 0.5215, 0.2485, 0.117, 0.131, 6
3, 0.52, 0.39, 0.14, 0.7325, 0.2415, 0.144, 0.26, 19
2, 0.65, 0.475, 0.165, 1.3875, 0.58, 0.3485, 0.3095, 9
1, 0.525, 0.395, 0.13, 0.7635, 0.3375, 0.1425, 0.225, 8
1, 0.565, 0.44, 0.185, 0.909, 0.344, 0.2325, 0.255, 15
3, 0.725, 0.55, 0.22, 2.0495, 0.7735, 0.4405, 0.655, 10
3, 0.405, 0.285, 0.09, 0.2645, 0.1265, 0.0505, 0.075, 6
2, 0.66, 0.515, 0.17, 1.337, 0.615, 0.3125, 0.3575, 10
2, 0.605, 0.495, 0.17, 1.0915, 0.4365, 0.2715, 0.335, 13
2, 0.665, 0.5, 0.15, 1.2475, 0.4625, 0.2955, 0.3595, 10
3, 0.46, 0.355, 0.14, 0.4935, 0.216, 0.133, 0.115, 13
3, 0.44, 0.34, 0.105, 0.344, 0.123, 0.081, 0.125, 8
1, 0.69, 0.525, 0.175, 1.7005, 0.8255, 0.362, 0.405, 8
2, 0.69, 0.54, 0.185, 1.5715, 0.6935, 0.318, 0.47, 15
1, 0.605, 0.475, 0.155, 1.161, 0.572, 0.2455, 0.275, 9
1, 0.58, 0.47, 0.165, 1.041, 0.54, 0.166, 0.279, 9
3, 0.415, 0.325, 0.1, 0.3215, 0.1535, 0.0595, 0.105, 10
2, 0.645, 0.535, 0.19, 1.2395, 0.468, 0.2385, 0.424, 10
3, 0.42, 0.31, 0.1, 0.2865, 0.115, 0.0735, 0.085, 8
1, 0.47, 0.39, 0.15, 0.6355, 0.2185, 0.0885, 0.255, 9
2, 0.655, 0.505, 0.165, 1.367, 0.5835, 0.3515, 0.396, 10
3, 0.39, 0.295, 0.095, 0.203, 0.0875, 0.045, 0.075, 7
1, 0.66, 0.525, 0.2, 1.489, 0.6065, 0.3795, 0.421, 10
3, 0.415, 0.325, 0.11, 0.316, 0.1385, 0.0795, 0.0925, 8
1, 0.61, 0.485, 0.175, 1.2445, 0.544, 0.297, 0.345, 12
3, 0.635, 0.5, 0.18, 1.319, 0.5485, 0.292, 0.49, 16
1, 0.42, 0.34, 0.115, 0.4215, 0.175, 0.093, 0.135, 8
2, 0.69, 0.54, 0.195, 1.2525, 0.73, 0.3975, 0.462, 12
3, 0.16, 0.12, 0.02, 0.018, 0.0075, 0.0045, 0.005, 4
1, 0.58, 0.45, 0.145, 1.0025, 0.547, 0.1975, 0.2295, 8
2, 0.57, 0.42, 0.16, 0.8875, 0.4315, 0.1915, 0.223, 8
2, 0.5, 0.37, 0.135, 0.45, 0.1715, 0.1055, 0.155, 9
1, 0.565, 0.44, 0.175, 0.9025, 0.31, 0.193, 0.325, 14
3, 0.61, 0.475, 0.17, 1.0385, 0.4435, 0.241, 0.32, 14
2, 0.58, 0.46, 0.15, 0.9955, 0.429, 0.212, 0.26, 19
2, 0.49, 0.385, 0.15, 0.7865, 0.241, 0.14, 0.24, 23
1, 0.65, 0.52, 0.17, 1.3655, 0.6155, 0.2885, 0.36, 11
1, 0.52, 0.385, 0.165, 0.791, 0.375, 0.18, 0.1815, 10
1, 0.615, 0.475, 0.155, 1.0735, 0.4375, 0.2585, 0.31, 11
3, 0.615, 0.475, 0.13, 0.8425, 0.353, 0.1915, 0.251, 8
3, 0.455, 0.35, 0.105, 0.4445, 0.213, 0.107, 0.1115, 7
1, 0.6, 0.465, 0.165, 1.0475, 0.465, 0.2345, 0.315, 11
3, 0.5, 0.39, 0.12, 0.5955, 0.2455, 0.147, 0.173, 8
3, 0.54, 0.4, 0.145, 0.757, 0.315, 0.181, 0.215, 11
2, 0.56, 0.445, 0.195, 0.981, 0.305, 0.2245, 0.335, 16
3, 0.61, 0.425, 0.155, 1.0485, 0.507, 0.1955, 0.274, 11
2, 0.595, 0.47, 0.155, 1.1775, 0.542, 0.269, 0.31, 9
2, 0.63, 0.49, 0.17, 1.2155, 0.4625, 0.2045, 0.3105, 10
1, 0.515, 0.4, 0.14, 0.7365, 0.2955, 0.184, 0.185, 16
3, 0.305, 0.245, 0.075, 0.156, 0.0675, 0.038, 0.045, 7
1, 0.585, 0.45, 0.15, 1.047, 0.4315, 0.276, 0.315, 14
3, 0.28, 0.205, 0.055, 0.1135, 0.045, 0.0275, 0.0335, 7
3, 0.28, 0.205, 0.08, 0.127, 0.052, 0.039, 0.042, 9
2, 0.69, 0.535, 0.185, 1.826, 0.797, 0.409, 0.499, 11
1, 0.465, 0.35, 0.14, 0.5755, 0.2015, 0.1505, 0.19, 15
1, 0.67, 0.51, 0.175, 1.5265, 0.651, 0.4475, 0.345, 10
3, 0.46, 0.35, 0.105, 0.3705, 0.1575, 0.077, 0.114, 9
3, 0.33, 0.26, 0.085, 0.1965, 0.0915, 0.0425, 0.055, 7
2, 0.72, 0.545, 0.185, 1.7185, 0.7925, 0.401, 0.468, 11
2, 0.505, 0.425, 0.14, 0.85, 0.275, 0.1625, 0.285, 19
2, 0.46, 0.365, 0.115, 0.4485, 0.165, 0.083, 0.17, 14
3, 0.445, 0.335, 0.1, 0.4895, 0.2745, 0.086, 0.1105, 7
3, 0.47, 0.375, 0.105, 0.468, 0.1665, 0.108, 0.17, 10
2, 0.41, 0.305, 0.1, 0.363, 0.1735, 0.065, 0.11, 11
3, 0.355, 0.27, 0.075, 0.1775, 0.079, 0.0315, 0.054, 6
3, 0.325, 0.24, 0.075, 0.187, 0.0825, 0.0445, 0.05, 6
3, 0.405, 0.305, 0.105, 0.3625, 0.1565, 0.0705, 0.125, 10
1, 0.57, 0.455, 0.175, 1.02, 0.4805, 0.2145, 0.29, 9
1, 0.4, 0.305, 0.13, 0.2935, 0.096, 0.0675, 0.105, 9
3, 0.4, 0.32, 0.095, 0.348, 0.194, 0.053, 0.087, 6
2, 0.585, 0.45, 0.15, 0.938, 0.467, 0.203, 0.225, 7
2, 0.635, 0.5, 0.18, 1.312, 0.529, 0.2485, 0.485, 18
2, 0.575, 0.46, 0.165, 1.065, 0.4985, 0.2145, 0.2815, 8
1, 0.615, 0.495, 0.155, 1.2865, 0.435, 0.293, 0.3245, 11
3, 0.2, 0.145, 0.06, 0.037, 0.0125, 0.0095, 0.011, 4
2, 0.465, 0.39, 0.11, 0.6355, 0.1815, 0.157, 0.225, 13
2, 0.59, 0.465, 0.16, 1.1005, 0.506, 0.2525, 0.295, 13
3, 0.515, 0.39, 0.12, 0.565, 0.235, 0.135, 0.179, 9
3, 0.495, 0.4, 0.105, 0.602, 0.2505, 0.1265, 0.19, 8
2, 0.55, 0.44, 0.135, 0.8435, 0.434, 0.1995, 0.185, 8
1, 0.665, 0.54, 0.175, 1.347, 0.4955, 0.254, 0.415, 17
1, 0.55, 0.43, 0.13, 0.8395, 0.3155, 0.1955, 0.2405, 10
2, 0.575, 0.48, 0.15, 0.897, 0.4235, 0.1905, 0.248, 8
1, 0.715, 0.535, 0.19, 1.6755, 0.889, 0.313, 0.42, 10
1, 0.54, 0.405, 0.125, 0.891, 0.4815, 0.1915, 0.202, 9
1, 0.58, 0.46, 0.15, 1.0165, 0.491, 0.221, 0.265, 9
2, 0.815, 0.65, 0.25, 2.255, 0.8905, 0.42, 0.7975, 14
1, 0.63, 0.515, 0.17, 1.385, 0.6355, 0.2955, 0.38, 11
3, 0.395, 0.3, 0.09, 0.2855, 0.1385, 0.0625, 0.077, 5
3, 0.495, 0.355, 0.12, 0.4965, 0.214, 0.1045, 0.1495, 8
2, 0.515, 0.375, 0.11, 0.6065, 0.3005, 0.131, 0.15, 6
1, 0.415, 0.315, 0.12, 0.4015, 0.199, 0.087, 0.097, 8
3, 0.54, 0.435, 0.145, 0.97, 0.4285, 0.22, 0.264, 17
3, 0.37, 0.28, 0.1, 0.221, 0.1165, 0.0265, 0.0635, 6
3, 0.44, 0.32, 0.105, 0.3875, 0.1755, 0.074, 0.12, 9
3, 0.5, 0.38, 0.135, 0.594, 0.2945, 0.104, 0.1565, 9
1, 0.35, 0.26, 0.09, 0.195, 0.0745, 0.041, 0.0655, 9
1, 0.535, 0.43, 0.14, 0.7165, 0.2855, 0.1595, 0.2155, 8
1, 0.705, 0.56, 0.22, 1.981, 0.8175, 0.3085, 0.76, 14
2, 0.63, 0.5, 0.17, 1.3135, 0.5595, 0.267, 0.4, 20
2, 0.47, 0.35, 0.115, 0.487, 0.1955, 0.127, 0.155, 8
1, 0.44, 0.32, 0.12, 0.4565, 0.2435, 0.092, 0.1025, 8
1, 0.65, 0.495, 0.16, 1.2075, 0.55, 0.2695, 0.32, 10
3, 0.47, 0.35, 0.135, 0.567, 0.2315, 0.1465, 0.1525, 11
1, 0.645, 0.52, 0.175, 1.561, 0.709, 0.3555, 0.4, 8
3, 0.47, 0.35, 0.125, 0.4315, 0.19, 0.1165, 0.1175, 6
1, 0.62, 0.495, 0.18, 1.2555, 0.5765, 0.254, 0.355, 12
1, 0.605, 0.48, 0.17, 1.1835, 0.582, 0.2365, 0.317, 10
1, 0.575, 0.45, 0.13, 0.785, 0.318, 0.193, 0.2265, 9
2, 0.6, 0.455, 0.145, 0.8895, 0.419, 0.1715, 0.269, 10
3, 0.485, 0.375, 0.14, 0.521, 0.2, 0.123, 0.17, 8
3, 0.5, 0.375, 0.125, 0.5695, 0.259, 0.124, 0.157, 7
2, 0.505, 0.41, 0.15, 0.644, 0.285, 0.145, 0.21, 11
2, 0.62, 0.49, 0.16, 1.056, 0.493, 0.244, 0.2725, 9
1, 0.63, 0.485, 0.18, 1.2435, 0.5175, 0.308, 0.37, 11
1, 0.67, 0.525, 0.17, 1.4005, 0.715, 0.3025, 0.387, 9
1, 0.37, 0.265, 0.075, 0.214, 0.09, 0.051, 0.07, 6
3, 0.49, 0.4, 0.135, 0.624, 0.3035, 0.1285, 0.169, 8
2, 0.57, 0.465, 0.16, 0.8935, 0.3145, 0.2575, 0.263, 10
1, 0.575, 0.47, 0.15, 1.1415, 0.4515, 0.204, 0.4, 13
3, 0.515, 0.36, 0.125, 0.4725, 0.1815, 0.125, 0.138, 9
1, 0.515, 0.4, 0.16, 0.8175, 0.2515, 0.156, 0.3, 23
1, 0.695, 0.53, 0.21, 1.51, 0.664, 0.4095, 0.385, 10
2, 0.57, 0.495, 0.16, 1.0915, 0.452, 0.275, 0.315, 14
3, 0.36, 0.28, 0.105, 0.199, 0.0695, 0.045, 0.08, 9
3, 0.515, 0.415, 0.135, 0.7125, 0.285, 0.152, 0.245, 10
3, 0.65, 0.515, 0.16, 1.1625, 0.495, 0.203, 0.33, 17
1, 0.58, 0.445, 0.15, 0.9525, 0.4315, 0.1945, 0.287, 11
1, 0.61, 0.48, 0.185, 1.3065, 0.6895, 0.2915, 0.29, 10
3, 0.255, 0.19, 0.06, 0.086, 0.04, 0.0185, 0.025, 5
3, 0.35, 0.25, 0.075, 0.1695, 0.0835, 0.0355, 0.041, 6
1, 0.705, 0.555, 0.215, 2.141, 1.0465, 0.383, 0.528, 11
1, 0.465, 0.34, 0.105, 0.486, 0.231, 0.1035, 0.1225, 9
1, 0.595, 0.45, 0.145, 0.959, 0.463, 0.2065, 0.2535, 10
1, 0.68, 0.535, 0.185, 1.607, 0.7245, 0.3215, 0.498, 12
3, 0.56, 0.44, 0.13, 0.7235, 0.349, 0.149, 0.2, 8
1, 0.51, 0.395, 0.145, 0.6185, 0.216, 0.1385, 0.24, 12
3, 0.53, 0.42, 0.14, 0.6765, 0.256, 0.1855, 0.208, 9
1, 0.62, 0.48, 0.165, 1.0725, 0.4815, 0.235, 0.312, 9
2, 0.29, 0.225, 0.075, 0.14, 0.0515, 0.0235, 0.04, 5
2, 0.61, 0.475, 0.15, 1.1135, 0.5195, 0.2575, 0.3005, 11
1, 0.645, 0.495, 0.15, 1.2095, 0.603, 0.2225, 0.339, 9
2, 0.49, 0.37, 0.115, 0.541, 0.171, 0.1175, 0.185, 11
3, 0.505, 0.39, 0.185, 0.6125, 0.267, 0.142, 0.172, 7
3, 0.515, 0.395, 0.125, 0.556, 0.2695, 0.096, 0.17, 8
3, 0.34, 0.25, 0.075, 0.1785, 0.0665, 0.0455, 0.045, 5
1, 0.7, 0.55, 0.175, 1.4405, 0.6565, 0.2985, 0.375, 12
1, 0.58, 0.46, 0.15, 1.049, 0.5205, 0.1935, 0.305, 10
3, 0.52, 0.415, 0.14, 0.6375, 0.308, 0.1335, 0.168, 9
3, 0.375, 0.245, 0.1, 0.394, 0.166, 0.091, 0.1125, 6
2, 0.57, 0.45, 0.15, 0.9645, 0.531, 0.189, 0.209, 9
2, 0.65, 0.525, 0.175, 1.4225, 0.61, 0.2995, 0.445, 20
1, 0.495, 0.38, 0.135, 0.6295, 0.263, 0.1425, 0.215, 12
2, 0.385, 0.305, 0.125, 0.314, 0.146, 0.0555, 0.08, 10
1, 0.47, 0.365, 0.135, 0.522, 0.2395, 0.1525, 0.145, 10
2, 0.655, 0.53, 0.19, 1.428, 0.493, 0.318, 0.565, 18
1, 0.35, 0.265, 0.11, 0.2965, 0.1365, 0.063, 0.085, 7
1, 0.51, 0.41, 0.155, 1.2825, 0.569, 0.291, 0.3795, 9
2, 0.385, 0.305, 0.105, 0.3315, 0.1365, 0.0745, 0.1, 7
3, 0.23, 0.175, 0.065, 0.0645, 0.026, 0.0105, 0.02, 5
3, 0.42, 0.325, 0.115, 0.354, 0.1625, 0.064, 0.105, 8
3, 0.42, 0.315, 0.1, 0.3435, 0.157, 0.0795, 0.09, 6
3, 0.37, 0.28, 0.09, 0.218, 0.0995, 0.0545, 0.0615, 7
1, 0.42, 0.335, 0.115, 0.369, 0.171, 0.071, 0.12, 8
1, 0.63, 0.53, 0.18, 1.2795, 0.618, 0.256, 0.315, 9
3, 0.45, 0.33, 0.115, 0.365, 0.14, 0.0825, 0.1245, 8
2, 0.375, 0.29, 0.115, 0.2705, 0.093, 0.066, 0.0885, 10
1, 0.46, 0.355, 0.14, 0.491, 0.207, 0.115, 0.174, 10
2, 0.47, 0.365, 0.12, 0.582, 0.29, 0.092, 0.146, 8
1, 0.57, 0.47, 0.155, 1.186, 0.6355, 0.2315, 0.277, 10
1, 0.53, 0.425, 0.155, 0.7905, 0.307, 0.171, 0.2595, 9
3, 0.41, 0.325, 0.1, 0.394, 0.208, 0.0655, 0.106, 6
3, 0.435, 0.325, 0.105, 0.335, 0.136, 0.065, 0.115, 8
1, 0.4, 0.315, 0.105, 0.287, 0.1135, 0.037, 0.113, 10
1, 0.665, 0.535, 0.155, 1.383, 0.596, 0.2565, 0.485, 14
3, 0.445, 0.345, 0.105, 0.409, 0.1675, 0.1015, 0.117, 7
1, 0.49, 0.395, 0.12, 0.674, 0.3325, 0.1235, 0.185, 9
2, 0.64, 0.5, 0.17, 1.5175, 0.693, 0.326, 0.409, 11
2, 0.51, 0.4, 0.125, 0.545, 0.261, 0.115, 0.1385, 6
3, 0.515, 0.39, 0.11, 0.531, 0.2415, 0.098, 0.1615, 8
1, 0.67, 0.5, 0.2, 1.269, 0.576, 0.2985, 0.351, 11
3, 0.39, 0.29, 0.09, 0.2745, 0.135, 0.0455, 0.078, 8
1, 0.515, 0.39, 0.12, 0.6125, 0.302, 0.1365, 0.1415, 8
3, 0.42, 0.33, 0.1, 0.352, 0.1635, 0.089, 0.1, 9
3, 0.43, 0.335, 0.105, 0.378, 0.188, 0.0785, 0.09, 6
3, 0.38, 0.27, 0.08, 0.2105, 0.0865, 0.042, 0.07, 8
3, 0.235, 0.13, 0.075, 0.1585, 0.0685, 0.037, 0.0465, 5
1, 0.645, 0.5, 0.16, 1.3815, 0.672, 0.326, 0.315, 9
3, 0.44, 0.365, 0.11, 0.4465, 0.213, 0.089, 0.1135, 9
2, 0.625, 0.5, 0.165, 1.288, 0.573, 0.3035, 0.315, 9
3, 0.465, 0.37, 0.12, 0.4365, 0.188, 0.0815, 0.147, 9
1, 0.635, 0.495, 0.15, 1.081, 0.4825, 0.242, 0.31, 11
3, 0.565, 0.43, 0.135, 0.8545, 0.321, 0.1775, 0.275, 11
3, 0.55, 0.45, 0.13, 0.804, 0.3375, 0.1405, 0.23, 6
3, 0.515, 0.385, 0.125, 0.6115, 0.3175, 0.1265, 0.15, 8
1, 0.6, 0.45, 0.145, 0.877, 0.4325, 0.155, 0.24, 9
3, 0.355, 0.275, 0.085, 0.22, 0.092, 0.06, 0.15, 8
2, 0.665, 0.5, 0.175, 1.742, 0.595, 0.3025, 0.725, 21
3, 0.56, 0.425, 0.14, 0.9175, 0.4005, 0.1975, 0.26, 10
3, 0.3, 0.23, 0.08, 0.1275, 0.0435, 0.0265, 0.04, 8
2, 0.565, 0.45, 0.165, 0.887, 0.37, 0.239, 0.249, 11
3, 0.375, 0.285, 0.08, 0.226, 0.0975, 0.04, 0.0725, 7
2, 0.505, 0.41, 0.135, 0.657, 0.291, 0.133, 0.195, 15
1, 0.5, 0.385, 0.12, 0.6335, 0.2305, 0.125, 0.235, 14
1, 0.71, 0.55, 0.2, 1.9045, 0.882, 0.44, 0.5, 13
3, 0.44, 0.34, 0.1, 0.379, 0.1725, 0.0815, 0.101, 7
1, 0.62, 0.48, 0.16, 1.0765, 0.412, 0.253, 0.3, 13
1, 0.54, 0.42, 0.155, 0.7385, 0.3515, 0.152, 0.215, 12
3, 0.625, 0.46, 0.16, 1.2395, 0.55, 0.273, 0.38, 14
2, 0.515, 0.405, 0.12, 0.646, 0.2895, 0.1405, 0.177, 10
3, 0.245, 0.19, 0.06, 0.086, 0.042, 0.014, 0.025, 4
1, 0.205, 0.155, 0.045, 0.0425, 0.017, 0.0055, 0.0155, 7
3, 0.525, 0.4, 0.14, 0.6055, 0.2605, 0.108, 0.21, 9
2, 0.42, 0.32, 0.13, 0.4135, 0.1645, 0.106, 0.119, 10
2, 0.455, 0.35, 0.12, 0.4555, 0.1945, 0.1045, 0.1375, 7
1, 0.525, 0.415, 0.145, 0.845, 0.3525, 0.1635, 0.2875, 8
1, 0.63, 0.505, 0.15, 1.3165, 0.6325, 0.2465, 0.37, 11
1, 0.62, 0.485, 0.145, 1.003, 0.4655, 0.2195, 0.28, 11
1, 0.565, 0.44, 0.155, 0.868, 0.348, 0.217, 0.26, 11
2, 0.545, 0.41, 0.115, 0.6765, 0.29, 0.158, 0.22, 9
1, 0.65, 0.52, 0.195, 1.676, 0.693, 0.44, 0.47, 15
3, 0.385, 0.28, 0.125, 0.244, 0.102, 0.038, 0.085, 6
3, 0.24, 0.17, 0.05, 0.0545, 0.0205, 0.016, 0.0155, 5
2, 0.46, 0.375, 0.12, 0.4915, 0.2205, 0.088, 0.17, 7
3, 0.42, 0.32, 0.11, 0.309, 0.115, 0.0645, 0.0945, 6
1, 0.575, 0.45, 0.135, 0.9215, 0.354, 0.209, 0.2365, 9
1, 0.64, 0.495, 0.17, 1.139, 0.5395, 0.282, 0.285, 10
2, 0.535, 0.45, 0.135, 0.8075, 0.322, 0.181, 0.25, 13
3, 0.44, 0.335, 0.115, 0.4215, 0.173, 0.0765, 0.113, 7
1, 0.65, 0.5, 0.14, 1.238, 0.6165, 0.2355, 0.32, 8
1, 0.63, 0.505, 0.165, 1.26, 0.4525, 0.2755, 0.406, 14
1, 0.49, 0.39, 0.135, 0.592, 0.242, 0.096, 0.1835, 15
3, 0.53, 0.425, 0.13, 0.781, 0.3905, 0.2005, 0.215, 9
1, 0.34, 0.255, 0.095, 0.213, 0.081, 0.034, 0.07, 9
2, 0.58, 0.425, 0.15, 0.844, 0.3645, 0.185, 0.2705, 9
3, 0.565, 0.44, 0.135, 0.768, 0.3305, 0.1385, 0.2475, 9
2, 0.59, 0.485, 0.205, 1.2315, 0.4525, 0.238, 0.42, 13
3, 0.24, 0.175, 0.055, 0.0705, 0.025, 0.014, 0.021, 5
2, 0.66, 0.5, 0.175, 1.3275, 0.556, 0.2805, 0.4085, 9
2, 0.675, 0.535, 0.185, 1.5575, 0.7035, 0.402, 0.4, 11
3, 0.27, 0.205, 0.075, 0.118, 0.059, 0.031, 0.0305, 4
3, 0.35, 0.26, 0.095, 0.211, 0.086, 0.056, 0.068, 7
2, 0.455, 0.355, 1.13, 0.594, 0.332, 0.116, 0.1335, 8
1, 0.64, 0.53, 0.165, 1.1895, 0.4765, 0.3, 0.35, 11
2, 0.505, 0.375, 0.18, 0.568, 0.2325, 0.1495, 0.17, 12
1, 0.625, 0.515, 0.165, 1.217, 0.667, 0.2065, 0.3115, 10
2, 0.625, 0.495, 0.16, 1.1115, 0.4495, 0.2825, 0.345, 11
1, 0.56, 0.425, 0.135, 0.849, 0.3265, 0.221, 0.2645, 10
2, 0.49, 0.4, 0.115, 0.569, 0.256, 0.1325, 0.145, 9
1, 0.63, 0.51, 0.23, 1.539, 0.5635, 0.2815, 0.57, 17
3, 0.205, 0.15, 0.055, 0.042, 0.0255, 0.015, 0.012, 5
1, 0.48, 0.37, 0.1, 0.5135, 0.243, 0.1015, 0.135, 8
3, 0.635, 0.505, 0.19, 1.3315, 0.5805, 0.252, 0.435, 17
1, 0.595, 0.48, 0.185, 1.1785, 0.526, 0.2975, 0.314, 10
1, 0.58, 0.44, 0.16, 0.8295, 0.3365, 0.2005, 0.2485, 9
1, 0.525, 0.38, 0.125, 0.65, 0.303, 0.155, 0.159, 7
1, 0.64, 0.485, 0.15, 1.098, 0.5195, 0.222, 0.3175, 10
1, 0.565, 0.45, 0.16, 0.895, 0.415, 0.195, 0.246, 9
3, 0.28, 0.2, 0.075, 0.1225, 0.0545, 0.0115, 0.035, 5
3, 0.455, 0.355, 0.08, 0.452, 0.2165, 0.0995, 0.125, 9
3, 0.31, 0.225, 0.05, 0.1445, 0.0675, 0.0385, 0.045, 6
2, 0.6, 0.5, 0.16, 1.122, 0.5095, 0.256, 0.309, 10
1, 0.505, 0.39, 0.115, 0.5585, 0.2575, 0.119, 0.1535, 8
3, 0.475, 0.42, 0.16, 0.7095, 0.35, 0.1505, 0.1845, 8
2, 0.68, 0.52, 0.185, 1.494, 0.615, 0.3935, 0.406, 11
3, 0.35, 0.26, 0.075, 0.18, 0.09, 0.0245, 0.055, 5
1, 0.35, 0.265, 0.09, 0.2255, 0.0995, 0.0485, 0.07, 7
2, 0.435, 0.325, 0.11, 0.4335, 0.178, 0.0985, 0.155, 7
3, 0.33, 0.25, 0.095, 0.2085, 0.102, 0.0395, 0.052, 7
2, 0.51, 0.34, 0.18, 0.7005, 0.312, 0.165, 0.2, 11
1, 0.635, 0.5, 0.18, 1.2915, 0.594, 0.2695, 0.37, 9
3, 0.41, 0.3, 0.1, 0.282, 0.1255, 0.057, 0.0875, 7
1, 0.48, 0.38, 0.135, 0.528, 0.2, 0.1395, 0.16, 14
3, 0.41, 0.335, 0.11, 0.33, 0.157, 0.0705, 0.17, 7
3, 0.59, 0.45, 0.145, 1.022, 0.428, 0.268, 0.265, 10
3, 0.43, 0.325, 0.09, 0.425, 0.217, 0.087, 0.095, 7
2, 0.425, 0.335, 0.095, 0.322, 0.1205, 0.061, 0.125, 10
1, 0.535, 0.44, 0.165, 0.875, 0.279, 0.18, 0.3, 10
1, 0.63, 0.47, 0.15, 1.1355, 0.539, 0.2325, 0.3115, 12
2, 0.655, 0.515, 0.18, 1.412, 0.6195, 0.2485, 0.497, 11
1, 0.45, 0.35, 0.13, 0.4655, 0.2075, 0.1045, 0.135, 8
1, 0.45, 0.34, 0.13, 0.3715, 0.1605, 0.0795, 0.105, 9
3, 0.495, 0.375, 0.115, 0.507, 0.241, 0.103, 0.15, 8
2, 0.645, 0.515, 0.15, 1.212, 0.515, 0.2055, 0.385, 10
3, 0.195, 0.135, 0.04, 0.0325, 0.0135, 0.005, 0.0095, 4
1, 0.63, 0.48, 0.145, 1.0115, 0.4235, 0.237, 0.305, 12
3, 0.385, 0.28, 0.09, 0.228, 0.1025, 0.042, 0.0655, 5
1, 0.57, 0.435, 0.145, 0.9055, 0.3925, 0.2355, 0.275, 10
1, 0.38, 0.3, 0.1, 0.2505, 0.106, 0.0535, 0.0775, 8
3, 0.62, 0.47, 0.14, 0.8565, 0.3595, 0.16, 0.295, 9
3, 0.475, 0.365, 0.115, 0.499, 0.232, 0.0885, 0.156, 10
1, 0.615, 0.475, 0.17, 1.1825, 0.474, 0.2895, 0.24, 11
1, 0.485, 0.37, 0.13, 0.526, 0.2485, 0.105, 0.1555, 6
3, 0.435, 0.375, 0.11, 0.4155, 0.17, 0.076, 0.145, 8
3, 0.5, 0.38, 0.11, 0.5605, 0.28, 0.106, 0.15, 9
3, 0.58, 0.46, 0.14, 0.8295, 0.3915, 0.165, 0.238, 10
3, 0.47, 0.355, 0.145, 0.4485, 0.156, 0.102, 0.123, 7
1, 0.58, 0.45, 0.175, 1.068, 0.425, 0.203, 0.32, 13
2, 0.545, 0.43, 0.16, 0.844, 0.3945, 0.1855, 0.231, 9
1, 0.44, 0.365, 0.125, 0.516, 0.2155, 0.114, 0.155, 10
1, 0.625, 0.48, 0.145, 1.085, 0.4645, 0.2445, 0.327, 10
1, 0.625, 0.495, 0.175, 1.254, 0.5815, 0.286, 0.3185, 9
1, 0.6, 0.495, 0.185, 1.1145, 0.5055, 0.2635, 0.367, 11
3, 0.475, 0.365, 0.1, 0.1315, 0.2025, 0.0875, 0.123, 7
3, 0.395, 0.31, 0.095, 0.313, 0.131, 0.072, 0.093, 7
3, 0.555, 0.46, 0.145, 0.9005, 0.3845, 0.158, 0.2765, 11
1, 0.59, 0.47, 0.16, 1.206, 0.479, 0.2425, 0.309, 8
2, 0.52, 0.405, 0.14, 0.8175, 0.2795, 0.183, 0.26, 17
3, 0.545, 0.405, 0.135, 0.5945, 0.27, 0.1185, 0.185, 8
2, 0.58, 0.44, 0.125, 0.7855, 0.363, 0.1955, 0.195, 11
1, 0.4, 0.32, 0.095, 0.303, 0.1335, 0.06, 0.1, 7
3, 0.575, 0.45, 0.15, 0.858, 0.449, 0.166, 0.215, 10
2, 0.65, 0.51, 0.175, 1.35, 0.575, 0.3155, 0.3885, 10
2, 0.39, 0.3, 0.1, 0.265, 0.1075, 0.06, 0.0865, 13
2, 0.67, 0.545, 0.175, 1.707, 0.6995, 0.387, 0.575, 13
1, 0.62, 0.49, 0.17, 1.2105, 0.5185, 0.2555, 0.335, 13
2, 0.545, 0.4, 0.14, 0.778, 0.368, 0.215, 0.18, 9
1, 0.59, 0.47, 0.15, 0.861, 0.413, 0.164, 0.249, 8
3, 0.47, 0.355, 0.125, 0.499, 0.21, 0.0985, 0.155, 8
1, 0.6, 0.465, 0.165, 1.038, 0.4975, 0.2205, 0.251, 9
1, 0.44, 0.34, 0.105, 0.402, 0.1305, 0.0955, 0.165, 10
3, 0.52, 0.405, 0.14, 0.5775, 0.2, 0.145, 0.179, 11
3, 0.47, 0.375, 0.12, 0.487, 0.196, 0.099, 0.135, 8
3, 0.515, 0.39, 0.14, 0.5555, 0.2, 0.1135, 0.2235, 12
1, 0.665, 0.515, 0.2, 1.2695, 0.5115, 0.2675, 0.436, 12
1, 0.155, 0.11, 0.04, 0.0155, 0.0065, 0.003, 0.005, 3
2, 0.275, 0.195, 0.07, 0.08, 0.031, 0.0215, 0.025, 5
3, 0.45, 0.335, 0.105, 0.447, 0.2335, 0.153, 0.119, 7
1, 0.66, 0.51, 0.18, 1.261, 0.5, 0.2335, 0.339, 10
3, 0.285, 0.215, 0.07, 0.1075, 0.051, 0.0225, 0.027, 6
1, 0.565, 0.45, 0.115, 0.9085, 0.398, 0.197, 0.29, 17
1, 0.41, 0.325, 0.12, 0.3745, 0.158, 0.081, 0.125, 12
3, 0.485, 0.355, 0.105, 0.498, 0.2175, 0.096, 0.1525, 9
3, 0.295, 0.22, 0.07, 0.126, 0.0515, 0.0275, 0.035, 6
3, 0.475, 0.36, 0.125, 0.4905, 0.205, 0.1305, 0.125, 8
2, 0.525, 0.44, 0.125, 0.7115, 0.3205, 0.159, 0.1915, 7
2, 0.7, 0.525, 0.19, 1.6465, 0.8545, 0.307, 0.3995, 9
2, 0.68, 0.57, 0.205, 1.842, 0.625, 0.408, 0.65, 20
2, 0.585, 0.45, 0.16, 0.9045, 0.405, 0.2215, 0.2335, 8
3, 0.265, 0.195, 0.06, 0.092, 0.0345, 0.025, 0.0245, 6
1, 0.685, 0.55, 0.19, 1.885, 0.89, 0.41, 0.4895, 10
1, 0.475, 0.37, 0.125, 0.655, 0.266, 0.1725, 0.185, 10
2, 0.38, 0.305, 0.095, 0.2815, 0.1255, 0.0525, 0.09, 8
1, 0.36, 0.27, 0.09, 0.2225, 0.083, 0.053, 0.075, 6
2, 0.45, 0.36, 0.105, 0.4715, 0.2035, 0.0935, 0.149, 9
1, 0.595, 0.465, 0.15, 0.919, 0.4335, 0.1765, 0.262, 9
2, 0.605, 0.455, 0.145, 0.9775, 0.468, 0.1775, 0.275, 9
3, 0.515, 0.4, 0.135, 0.636, 0.3055, 0.1215, 0.1855, 9
1, 0.515, 0.405, 0.145, 0.695, 0.215, 0.1635, 0.234, 15
2, 0.54, 0.385, 0.14, 0.7655, 0.3265, 0.116, 0.2365, 10
1, 0.48, 0.36, 0.1, 0.439, 0.194, 0.099, 0.115, 8
1, 0.605, 0.475, 0.18, 0.9365, 0.394, 0.219, 0.295, 15
3, 0.29, 0.21, 0.06, 0.1045, 0.0415, 0.022, 0.035, 5
2, 0.655, 0.525, 0.19, 1.3595, 0.564, 0.3215, 0.3985, 10
2, 0.59, 0.46, 0.145, 0.9905, 0.453, 0.2205, 0.275, 8
3, 0.315, 0.245, 0.085, 0.1435, 0.053, 0.0475, 0.05, 8
1, 0.61, 0.45, 0.19, 1.0805, 0.517, 0.2495, 0.2935, 10
1, 0.565, 0.455, 0.185, 0.9265, 0.354, 0.1575, 0.375, 16
1, 0.535, 0.435, 0.15, 0.717, 0.3475, 0.1445, 0.194, 9
3, 0.4, 0.315, 0.09, 0.33, 0.151, 0.068, 0.08, 6
1, 0.59, 0.455, 0.145, 1.073, 0.475, 0.19, 0.285, 14
2, 0.575, 0.485, 0.165, 1.0405, 0.419, 0.264, 0.3, 14
1, 0.33, 0.235, 0.09, 0.163, 0.0615, 0.034, 0.055, 10
1, 0.515, 0.435, 0.145, 0.8815, 0.292, 0.206, 0.255, 10
2, 0.735, 0.565, 0.205, 2.1275, 0.949, 0.46, 0.565, 12
1, 0.545, 0.435, 0.145, 0.9385, 0.3685, 0.1245, 0.345, 11
1, 0.61, 0.365, 0.155, 1.0765, 0.488, 0.249, 0.27, 9
1, 0.495, 0.4, 0.14, 0.7775, 0.2015, 0.18, 0.25, 15
2, 0.5, 0.38, 0.14, 0.6355, 0.277, 0.143, 0.1785, 8
1, 0.54, 0.425, 0.12, 0.817, 0.2945, 0.153, 0.195, 10
1, 0.7, 0.6, 0.23, 2.003, 0.8105, 0.4045, 0.5755, 10
1, 0.575, 0.46, 0.165, 0.9155, 0.4005, 0.2465, 0.2385, 8
2, 0.5, 0.405, 0.14, 0.6735, 0.265, 0.124, 0.25, 18
2, 0.545, 0.41, 0.14, 0.7405, 0.3565, 0.1775, 0.203, 9
2, 0.655, 0.505, 0.195, 1.4405, 0.688, 0.3805, 0.363, 11
1, 0.66, 0.505, 0.19, 1.4385, 0.6775, 0.285, 0.178, 11
1, 0.605, 0.47, 0.165, 1.2315, 0.6025, 0.262, 0.2925, 11
3, 0.475, 0.365, 0.125, 0.5465, 0.229, 0.1185, 0.172, 9
3, 0.365, 0.275, 0.135, 0.24, 0.108, 0.0445, 0.0735, 7
2, 0.55, 0.43, 0.155, 0.785, 0.289, 0.227, 0.233, 11
1, 0.48, 0.37, 0.13, 0.643, 0.349, 0.1155, 0.135, 8
3, 0.36, 0.27, 0.09, 0.219, 0.097, 0.0405, 0.065, 6
2, 0.625, 0.49, 0.165, 1.127, 0.477, 0.2365, 0.3185, 9
1, 0.6, 0.455, 0.155, 0.945, 0.4365, 0.2085, 0.25, 8
3, 0.4, 0.295, 0.095, 0.252, 0.1105, 0.0575, 0.066, 6
1, 0.575, 0.45, 0.185, 0.925, 0.342, 0.197, 0.35, 12
3, 0.44, 0.345, 0.1, 0.366, 0.122, 0.0905, 0.12, 13
2, 0.43, 0.34, 0.12, 0.391, 0.1555, 0.095, 0.1405, 7
2, 0.66, 0.52, 0.18, 1.514, 0.526, 0.2975, 0.42, 19
3, 0.45, 0.33, 0.105, 0.3715, 0.1865, 0.0785, 0.0975, 7
2, 0.47, 0.355, 0.18, 0.441, 0.1525, 0.1165, 0.135, 8
3, 0.475, 0.35, 0.11, 0.4565, 0.206, 0.099, 0.13, 6
3, 0.54, 0.42, 0.14, 0.6665, 0.3125, 0.138, 0.1895, 10
3, 0.585, 0.42, 0.145, 0.6735, 0.2895, 0.1345, 0.22, 9
3, 0.445, 0.34, 0.145, 0.434, 0.1945, 0.0905, 0.13, 7
3, 0.525, 0.4, 0.14, 0.6955, 0.2405, 0.16, 0.253, 10
2, 0.545, 0.44, 0.175, 0.7745, 0.2985, 0.1875, 0.265, 11
1, 0.57, 0.455, 0.15, 0.952, 0.3895, 0.2155, 0.2745, 9
3, 0.45, 0.35, 0.11, 0.514, 0.253, 0.1045, 0.14, 8
1, 0.63, 0.48, 0.15, 1.1785, 0.5185, 0.248, 0.3235, 8
2, 0.645, 0.49, 0.19, 1.3065, 0.479, 0.3565, 0.345, 18
1, 0.62, 0.47, 0.145, 1.0865, 0.511, 0.2715, 0.2565, 10
3, 0.45, 0.34, 0.125, 0.4045, 0.171, 0.07, 0.1345, 8
2, 0.635, 0.505, 0.155, 1.2895, 0.594, 0.314, 0.345, 11
3, 0.33, 0.255, 0.095, 0.172, 0.066, 0.0255, 0.06, 6
1, 0.455, 0.355, 0.13, 0.515, 0.2, 0.1275, 0.175, 11
2, 0.625, 0.495, 0.16, 1.234, 0.6335, 0.192, 0.35, 13
1, 0.65, 0.52, 0.175, 1.2655, 0.615, 0.2775, 0.336, 9
3, 0.495, 0.38, 0.12, 0.512, 0.233, 0.1205, 0.136, 7
1, 0.45, 0.345, 0.105, 0.4115, 0.18, 0.1125, 0.135, 7
2, 0.615, 0.475, 0.175, 1.194, 0.559, 0.259, 0.3165, 11
3, 0.435, 0.345, 0.12, 0.4475, 0.221, 0.112, 0.125, 7
2, 0.505, 0.385, 0.115, 0.616, 0.243, 0.1075, 0.21, 11
3, 0.58, 0.445, 0.125, 0.7095, 0.303, 0.1405, 0.235, 9
1, 0.645, 0.5, 0.175, 1.5105, 0.6735, 0.3755, 0.3775, 12
2, 0.61, 0.47, 0.16, 1.0745, 0.4925, 0.236, 0.29, 8
1, 0.6, 0.45, 0.15, 0.8665, 0.3695, 0.1955, 0.255, 12
1, 0.7, 0.575, 0.19, 2.273, 1.095, 0.418, 0.638, 12
1, 0.6, 0.475, 0.175, 1.11, 0.5105, 0.256, 0.285, 9
3, 0.52, 0.395, 0.135, 0.633, 0.2985, 0.1295, 0.175, 9
1, 0.625, 0.505, 0.215, 1.4455, 0.496, 0.287, 0.435, 22
2, 0.53, 0.43, 0.17, 0.775, 0.35, 0.152, 0.235, 17
2, 0.725, 0.57, 0.205, 1.6195, 0.744, 0.315, 0.488, 11
2, 0.54, 0.475, 0.155, 0.928, 0.394, 0.194, 0.26, 11
1, 0.625, 0.47, 0.145, 1.7855, 0.675, 0.247, 0.3245, 13
2, 0.675, 0.55, 0.175, 1.689, 0.694, 0.371, 0.474, 13
1, 0.235, 0.17, 0.055, 0.0515, 0.018, 0.0105, 0.0195, 7
1, 0.67, 0.535, 0.19, 1.669, 0.7465, 0.2935, 0.508, 11
2, 0.56, 0.43, 0.15, 0.8745, 0.453, 0.161, 0.22, 8
2, 0.52, 0.425, 0.145, 0.7, 0.207, 0.1905, 0.24, 13
3, 0.51, 0.39, 0.125, 0.597, 0.293, 0.1265, 0.1555, 8
3, 0.445, 0.355, 0.095, 0.3615, 0.1415, 0.0785, 0.12, 8
1, 0.635, 0.48, 0.19, 1.467, 0.5825, 0.303, 0.42, 15
2, 0.53, 0.405, 0.15, 0.889, 0.4055, 0.2275, 0.215, 8
1, 0.425, 0.34, 0.12, 0.388, 0.149, 0.087, 0.125, 10
1, 0.59, 0.44, 0.15, 0.8725, 0.387, 0.215, 0.245, 8
1, 0.55, 0.405, 0.15, 0.9235, 0.412, 0.2135, 0.24, 7
3, 0.48, 0.335, 0.125, 0.524, 0.246, 0.1095, 0.145, 7
1, 0.72, 0.565, 0.2, 1.787, 0.718, 0.385, 0.529, 11
2, 0.6, 0.465, 0.165, 0.8875, 0.309, 0.246, 0.262, 12
1, 0.45, 0.335, 0.14, 0.478, 0.1865, 0.115, 0.16, 11
3, 0.37, 0.275, 0.08, 0.2325, 0.093, 0.056, 0.072, 6
1, 0.485, 0.36, 0.13, 0.5415, 0.2595, 0.096, 0.16, 10
2, 0.615, 0.455, 0.145, 1.1155, 0.5045, 0.238, 0.315, 10
3, 0.55, 0.425, 0.13, 0.664, 0.2695, 0.163, 0.21, 8
3, 0.35, 0.265, 0.095, 0.199, 0.073, 0.049, 0.06, 5
2, 0.525, 0.4, 0.135, 0.714, 0.318, 0.138, 0.208, 10
2, 0.645, 0.48, 0.17, 1.1345, 0.528, 0.254, 0.305, 10
1, 0.54, 0.435, 0.18, 0.996, 0.3835, 0.226, 0.325, 17
2, 0.5, 0.385, 0.115, 0.6785, 0.2945, 0.138, 0.195, 12
2, 0.585, 0.445, 0.14, 0.913, 0.4305, 0.2205, 0.253, 10
2, 0.58, 0.445, 0.135, 0.95, 0.484, 0.182, 0.2325, 8
2, 0.555, 0.425, 0.14, 0.788, 0.282, 0.1595, 0.285, 11
2, 0.57, 0.435, 0.15, 0.8295, 0.3875, 0.156, 0.245, 10
2, 0.57, 0.45, 0.135, 0.7805, 0.3345, 0.185, 0.21, 8
2, 0.62, 0.435, 0.155, 1.012, 0.477, 0.236, 0.275, 8
2, 0.465, 0.36, 0.12, 0.4765, 0.192, 0.1125, 0.16, 10
2, 0.495, 0.385, 0.13, 0.6905, 0.3125, 0.179, 0.175, 10
2, 0.655, 0.505, 0.175, 1.2905, 0.6205, 0.2965, 0.326, 10
1, 0.64, 0.505, 0.155, 1.4025, 0.705, 0.2655, 0.335, 10
3, 0.43, 0.325, 0.105, 0.309, 0.119, 0.08, 0.098, 6
1, 0.585, 0.465, 0.165, 0.885, 0.4025, 0.1625, 0.274, 10
1, 0.525, 0.43, 0.165, 0.8645, 0.376, 0.1945, 0.2515, 16
2, 0.49, 0.38, 0.155, 0.578, 0.2395, 0.1255, 0.18, 9
3, 0.4, 0.31, 0.1, 0.306, 0.13, 0.06, 0.094, 6
3, 0.385, 0.3, 0.09, 0.247, 0.1225, 0.044, 0.0675, 5
3, 0.45, 0.335, 0.095, 0.3505, 0.1615, 0.0625, 0.1185, 7
1, 0.585, 0.49, 0.185, 1.171, 0.522, 0.2535, 0.335, 10
2, 0.57, 0.44, 0.19, 1.018, 0.447, 0.207, 0.265, 9
1, 0.525, 0.405, 0.135, 0.7575, 0.3305, 0.216, 0.195, 10
2, 0.655, 0.51, 0.175, 1.415, 0.5885, 0.3725, 0.364, 10
3, 0.485, 0.415, 0.14, 0.5705, 0.25, 0.134, 0.185, 8
1, 0.555, 0.44, 0.15, 0.755, 0.307, 0.1525, 0.26, 12
2, 0.58, 0.435, 0.15, 0.839, 0.3485, 0.207, 0.192, 7
3, 0.43, 0.325, 0.11, 0.3675, 0.1355, 0.0935, 0.12, 13
1, 0.56, 0.42, 0.195, 0.8085, 0.3025, 0.1795, 0.285, 14
3, 0.52, 0.4, 0.14, 0.622, 0.278, 0.1455, 0.169, 8
1, 0.77, 0.605, 0.175, 2.0505, 0.8005, 0.526, 0.355, 11
3, 0.455, 0.335, 0.105, 0.4055, 0.175, 0.092, 0.1185, 8
1, 0.535, 0.42, 0.15, 0.6995, 0.2575, 0.153, 0.24, 12
3, 0.635, 0.5, 0.165, 1.489, 0.715, 0.3445, 0.3615, 13
1, 0.545, 0.44, 0.165, 0.744, 0.2875, 0.204, 0.25, 15
2, 0.675, 0.565, 0.195, 1.8375, 0.7645, 0.3615, 0.553, 12
3, 0.18, 0.135, 0.08, 0.033, 0.0145, 0.007, 0.01, 5
1, 0.575, 0.45, 0.165, 0.9655, 0.498, 0.19, 0.23, 8
2, 0.52, 0.41, 0.16, 0.712, 0.2845, 0.153, 0.225, 10
3, 0.185, 0.375, 0.12, 0.4645, 0.196, 0.1045, 0.15, 6
2, 0.645, 0.49, 0.16, 1.144, 0.5015, 0.289, 0.319, 8
3, 0.545, 0.42, 0.125, 0.717, 0.358, 0.112, 0.22, 8
1, 0.625, 0.5, 0.175, 1.0565, 0.4615, 0.258, 0.305, 10
3, 0.365, 0.27, 0.085, 0.205, 0.078, 0.0485, 0.07, 7
2, 0.71, 0.545, 0.175, 1.907, 0.8725, 0.4565, 0.475, 11
2, 0.52, 0.415, 0.145, 0.8045, 0.3325, 0.1725, 0.285, 10
1, 0.67, 0.525, 0.165, 1.6085, 0.682, 0.3145, 0.4005, 11
2, 0.48, 0.38, 0.135, 0.507, 0.1915, 0.1365, 0.155, 12
2, 0.53, 0.395, 0.145, 0.775, 0.308, 0.169, 0.255, 7
1, 0.56, 0.43, 0.155, 0.8675, 0.4, 0.172, 0.229, 8
1, 0.7, 0.535, 0.16, 1.7255, 0.63, 0.2635, 0.54, 19
1, 0.69, 0.54, 0.185, 1.6195, 0.533, 0.353, 0.555, 24
3, 0.435, 0.34, 0.12, 0.396, 0.1775, 0.081, 0.125, 8
2, 0.61, 0.495, 0.165, 1.0835, 0.4525, 0.273, 0.317, 9
1, 0.63, 0.515, 0.165, 1.352, 0.488, 0.349, 0.45, 20
3, 0.21, 0.15, 0.045, 0.04, 0.0135, 0.008, 0.0105, 4
2, 0.63, 0.475, 0.155, 1.0005, 0.452, 0.252, 0.265, 10
3, 0.61, 0.465, 0.15, 0.9605, 0.4495, 0.1725, 0.286, 9
1, 0.585, 0.475, 0.15, 1.065, 0.5315, 0.199, 0.2885, 10
2, 0.575, 0.47, 0.165, 0.869, 0.435, 0.197, 0.238, 9
1, 0.56, 0.45, 0.155, 0.9125, 0.3595, 0.271, 0.35, 10
1, 0.6, 0.46, 0.18, 1.14, 0.423, 0.2575, 0.365, 10
1, 0.635, 0.51, 0.17, 1.3555, 0.619, 0.305, 0.39, 9
1, 0.645, 0.495, 0.19, 1.539, 0.6115, 0.408, 0.445, 12
3, 0.62, 0.485, 0.18, 1.1785, 0.4675, 0.2655, 0.39, 13
2, 0.665, 0.505, 0.16, 1.2915, 0.631, 0.2925, 0.32, 11
3, 0.525, 0.385, 0.13, 0.607, 0.2355, 0.125, 0.195, 8
1, 0.635, 0.495, 0.155, 1.3635, 0.583, 0.2985, 0.295, 10
2, 0.37, 0.275, 0.08, 0.227, 0.093, 0.0625, 0.07, 8
3, 0.395, 0.305, 0.105, 0.284, 0.1135, 0.0595, 0.0945, 8
2, 0.645, 0.55, 0.175, 1.2915, 0.57, 0.3045, 0.33, 14
3, 0.46, 0.37, 0.11, 0.3965, 0.1485, 0.0855, 0.1455, 8
1, 0.575, 0.44, 0.185, 1.025, 0.5075, 0.2245, 0.2485, 10
1, 0.645, 0.51, 0.165, 1.403, 0.5755, 0.2515, 0.4545, 11
2, 0.64, 0.51, 0.2, 1.3905, 0.61, 0.3315, 0.41, 12
3, 0.545, 0.43, 0.14, 0.772, 0.289, 0.19, 0.2615, 8
3, 0.315, 0.23, 0.08, 0.1375, 0.0545, 0.031, 0.0445, 5
3, 0.415, 0.32, 0.115, 0.3045, 0.1215, 0.0735, 0.094, 7
3, 0.46, 0.34, 0.09, 0.384, 0.1795, 0.068, 0.11, 8
2, 0.7, 0.56, 0.175, 1.6605, 0.8605, 0.3275, 0.398, 11
2, 0.635, 0.485, 0.155, 1.073, 0.467, 0.1975, 0.35, 11
2, 0.505, 0.38, 0.145, 0.651, 0.2935, 0.19, 0.17, 12
2, 0.41, 0.32, 0.115, 0.387, 0.165, 0.1005, 0.0985, 11
3, 0.54, 0.42, 0.14, 0.74, 0.3595, 0.159, 0.1985, 8
3, 0.425, 0.32, 0.1, 0.3055, 0.126, 0.06, 0.106, 7
1, 0.57, 0.46, 0.17, 0.9035, 0.4075, 0.1935, 0.214, 7
1, 0.67, 0.52, 0.19, 1.6385, 0.8115, 0.369, 0.391, 9
1, 0.585, 0.465, 0.15, 0.98, 0.4315, 0.2545, 0.247, 9
2, 0.65, 0.5, 0.16, 1.3825, 0.702, 0.304, 0.3195, 9
2, 0.44, 0.34, 0.13, 0.4195, 0.153, 0.1155, 0.13, 10
1, 0.695, 0.55, 0.205, 2.173, 1.133, 0.4665, 0.496, 10
3, 0.37, 0.29, 0.09, 0.2445, 0.089, 0.0655, 0.075, 7
1, 0.63, 0.455, 0.15, 1.1315, 0.481, 0.2745, 0.305, 9
3, 0.29, 0.21, 0.065, 0.097, 0.0375, 0.022, 0.03, 6
1, 0.63, 0.49, 0.17, 1.1745, 0.5255, 0.273, 0.339, 11
1, 0.56, 0.44, 0.16, 0.8645, 0.3305, 0.2075, 0.26, 10
2, 0.62, 0.52, 0.225, 1.1835, 0.378, 0.27, 0.395, 23
1, 0.625, 0.485, 0.16, 1.2135, 0.631, 0.2235, 0.302, 9
1, 0.51, 0.415, 0.145, 0.751, 0.3295, 0.1835, 0.203, 8
1, 0.545, 0.45, 0.16, 0.8615, 0.2925, 0.1545, 0.365, 16
2, 0.53, 0.42, 0.13, 1.001, 0.34, 0.226, 0.265, 17
2, 0.69, 0.53, 0.17, 1.5535, 0.7945, 0.3485, 0.3695, 9
2, 0.685, 0.54, 0.215, 1.7025, 0.664, 0.3655, 0.4735, 14
2, 0.625, 0.48, 0.2, 1.3235, 0.6075, 0.3055, 0.355, 9
1, 0.645, 0.515, 0.185, 1.4605, 0.5835, 0.3155, 0.41, 19
3, 0.425, 0.325, 0.1, 0.398, 0.1185, 0.0645, 0.0945, 6
1, 0.65, 0.51, 0.155, 1.407, 0.7215, 0.298, 0.335, 9
2, 0.64, 0.505, 0.19, 1.2765, 0.4835, 0.328, 0.4, 12
1, 0.715, 0.52, 0.18, 1.6, 0.708, 0.3525, 0.445, 12
2, 0.525, 0.43, 0.165, 0.717, 0.289, 0.1745, 0.195, 10
2, 0.695, 0.55, 0.185, 1.679, 0.805, 0.4015, 0.3965, 10
3, 0.25, 0.18, 0.065, 0.0685, 0.0245, 0.0155, 0.0225, 5
1, 0.64, 0.525, 0.2, 1.3765, 0.44, 0.3075, 0.47, 16
3, 0.31, 0.23, 0.07, 0.1245, 0.0505, 0.0265, 0.038, 6
3, 0.13, 0.095, 0.035, 0.0105, 0.005, 0.0065, 0.0035, 4
1, 0.41, 0.335, 0.115, 0.4405, 0.19, 0.085, 0.135, 8
1, 0.58, 0.475, 0.15, 0.97, 0.385, 0.2165, 0.35, 11
2, 0.625, 0.495, 0.165, 1.262, 0.507, 0.318, 0.39, 10
1, 0.725, 0.505, 0.185, 1.978, 1.026, 0.4255, 0.4505, 12
2, 0.585, 0.435, 0.175, 0.982, 0.4055, 0.2495, 0.27, 10
1, 0.55, 0.46, 0.13, 0.7085, 0.305, 0.1455, 0.205, 12
2, 0.53, 0.44, 0.135, 0.7835, 0.313, 0.1715, 0.2185, 9
1, 0.36, 0.295, 0.1, 0.2105, 0.066, 0.0525, 0.075, 9
1, 0.625, 0.505, 0.185, 1.1565, 0.52, 0.2405, 0.3535, 10
1, 0.57, 0.475, 0.195, 1.0295, 0.4635, 0.1905, 0.305, 18
2, 0.605, 0.49, 0.15, 1.1345, 0.4305, 0.2525, 0.35, 10
1, 0.615, 0.475, 0.175, 1.224, 0.6035, 0.261, 0.311, 9
1, 0.635, 0.48, 0.235, 1.064, 0.413, 0.228, 0.36, 16
2, 0.625, 0.515, 0.15, 1.2415, 0.5235, 0.3065, 0.36, 15
3, 0.665, 0.5, 0.17, 1.2975, 0.6035, 0.291, 0.3595, 9
1, 0.675, 0.515, 0.145, 1.265, 0.6025, 0.299, 0.325, 10
3, 0.6, 0.445, 0.175, 1.057, 0.383, 0.216, 0.355, 16
1, 0.555, 0.45, 0.145, 0.915, 0.4, 0.246, 0.285, 11
3, 0.33, 0.25, 0.105, 0.1715, 0.0655, 0.035, 0.06, 7
1, 0.53, 0.42, 0.135, 0.675, 0.294, 0.156, 0.1825, 10
2, 0.55, 0.415, 0.135, 0.775, 0.302, 0.179, 0.26, 23
2, 0.58, 0.455, 0.12, 1.0735, 0.479, 0.2735, 0.265, 10
1, 0.615, 0.48, 0.185, 1.2205, 0.4985, 0.315, 0.33, 10
2, 0.615, 0.495, 0.165, 1.198, 0.5415, 0.2865, 0.3185, 10
3, 0.215, 0.17, 0.055, 0.0605, 0.0205, 0.014, 0.02, 6
3, 0.505, 0.38, 0.135, 0.5385, 0.2645, 0.095, 0.165, 9
1, 0.345, 0.27, 0.095, 0.197, 0.0665, 0.05, 0.07, 9
1, 0.63, 0.485, 0.165, 1.233, 0.6565, 0.2315, 0.3035, 10
1, 0.735, 0.555, 0.22, 2.333, 1.2395, 0.3645, 0.6195, 12
3, 0.175, 0.13, 0.055, 0.0315, 0.0105, 0.0065, 0.0125, 5
3, 0.255, 0.19, 0.075, 0.0865, 0.0345, 0.0205, 0.025, 5
1, 0.58, 0.455, 0.17, 0.93, 0.408, 0.259, 0.22, 9
3, 0.385, 0.29, 0.09, 0.2365, 0.1, 0.0505, 0.076, 8
2, 0.65, 0.495, 0.16, 1.3105, 0.577, 0.3315, 0.355, 9
3, 0.63, 0.49, 0.17, 1.217, 0.5515, 0.212, 0.31, 11
2, 0.38, 0.305, 0.105, 0.281, 0.1045, 0.0615, 0.09, 12
3, 0.425, 0.34, 0.1, 0.382, 0.164, 0.096, 0.1, 6
3, 0.16, 0.12, 0.035, 0.021, 0.0075, 0.0045, 0.005, 5
3, 0.545, 0.425, 0.14, 0.8145, 0.305, 0.231, 0.244, 10
2, 0.57, 0.445, 0.15, 0.995, 0.504, 0.185, 0.2505, 9
2, 0.635, 0.495, 0.175, 1.211, 0.707, 0.2725, 0.323, 9
1, 0.585, 0.51, 0.16, 1.218, 0.639, 0.241, 0.3, 11
2, 0.615, 0.47, 0.155, 1.084, 0.5885, 0.209, 0.246, 9
3, 0.28, 0.21, 0.055, 0.106, 0.0415, 0.0265, 0.031, 5
3, 0.34, 0.25, 0.075, 0.1765, 0.0785, 0.0405, 0.05, 7
2, 0.7, 0.545, 0.13, 1.556, 0.6725, 0.374, 0.195, 12
1, 0.515, 0.41, 0.14, 0.7355, 0.3065, 0.137, 0.2, 7
3, 0.485, 0.365, 0.09, 0.651, 0.3165, 0.132, 0.18, 8
2, 0.505, 0.475, 0.16, 1.1155, 0.509, 0.239, 0.3065, 8
2, 0.655, 0.545, 0.165, 1.6225, 0.6555, 0.299, 0.513, 12
1, 0.585, 0.455, 0.125, 1.027, 0.391, 0.212, 0.25, 17
2, 0.625, 0.52, 0.18, 1.354, 0.4845, 0.351, 0.375, 11
1, 0.67, 0.525, 0.195, 1.4405, 0.6595, 0.2675, 0.425, 9
3, 0.42, 0.305, 0.11, 0.28, 0.094, 0.0785, 0.0955, 9
2, 0.62, 0.515, 0.155, 1.3255, 0.6685, 0.2605, 0.335, 12
2, 0.49, 0.365, 0.13, 0.6835, 0.165, 0.1315, 0.205, 21
3, 0.43, 0.345, 0.115, 0.4295, 0.212, 0.108, 0.109, 8
1, 0.5, 0.405, 0.155, 0.772, 0.346, 0.1535, 0.245, 12
1, 0.49, 0.38, 0.14, 0.6385, 0.2305, 0.142, 0.195, 13
3, 0.495, 0.38, 0.145, 0.515, 0.175, 0.098, 0.212, 13
1, 0.625, 0.475, 0.175, 1.3405, 0.656, 0.283, 0.337, 10
2, 0.505, 0.39, 0.16, 0.644, 0.2475, 0.2025, 0.1635, 9
1, 0.33, 0.215, 0.075, 0.1145, 0.045, 0.0265, 0.035, 6
2, 0.67, 0.545, 0.16, 1.5415, 0.5985, 0.2565, 0.495, 15
3, 0.5, 0.365, 0.125, 0.528, 0.229, 0.103, 0.1645, 9
2, 0.61, 0.47, 0.195, 1.2735, 0.469, 0.3315, 0.398, 12
2, 0.375, 0.27, 0.135, 0.597, 0.272, 0.131, 0.1675, 7
3, 0.425, 0.315, 0.1, 0.377, 0.1645, 0.072, 0.105, 6
1, 0.695, 0.57, 0.23, 1.885, 0.8665, 0.435, 0.5, 19
3, 0.54, 0.425, 0.13, 0.7205, 0.2955, 0.169, 0.225, 10
2, 0.7, 0.55, 0.17, 1.684, 0.7535, 0.3265, 0.32, 11
1, 0.6, 0.48, 0.175, 1.229, 0.4125, 0.2735, 0.415, 13
2, 0.725, 0.575, 0.175, 2.124, 0.765, 0.4515, 0.85, 20
2, 0.58, 0.425, 0.155, 0.873, 0.3615, 0.249, 0.239, 10
3, 0.29, 0.215, 0.065, 0.0985, 0.0425, 0.021, 0.031, 5
1, 0.45, 0.335, 0.125, 0.349, 0.119, 0.1055, 0.115, 10
2, 0.57, 0.45, 0.175, 0.9555, 0.38, 0.1665, 0.295, 18
2, 0.535, 0.42, 0.15, 0.7365, 0.2785, 0.186, 0.215, 14
3, 0.625, 0.47, 0.155, 1.1955, 0.643, 0.2055, 0.3145, 12
3, 0.225, 0.17, 0.05, 0.0515, 0.019, 0.012, 0.017, 4
2, 0.66, 0.53, 0.185, 1.346, 0.546, 0.2705, 0.476, 11
1, 0.44, 0.35, 0.14, 0.451, 0.171, 0.0705, 0.184, 16
2, 0.45, 0.325, 0.135, 0.438, 0.1805, 0.1165, 0.11, 9
2, 0.575, 0.48, 0.17, 1.1, 0.506, 0.2485, 0.31, 10
2, 0.395, 0.295, 0.095, 0.2245, 0.078, 0.054, 0.08, 10
1, 0.57, 0.45, 0.16, 0.8615, 0.3725, 0.2175, 0.255, 12
2, 0.63, 0.475, 0.175, 1.423, 0.4155, 0.3385, 0.49, 14
2, 0.655, 0.525, 0.175, 1.348, 0.5855, 0.2605, 0.394, 10
3, 0.535, 0.455, 0.14, 1.0015, 0.53, 0.1765, 0.244, 9
1, 0.72, 0.56, 0.18, 1.5865, 0.691, 0.375, 0.4425, 11
2, 0.705, 0.56, 0.17, 1.4575, 0.607, 0.318, 0.44, 11
3, 0.54, 0.43, 0.17, 0.836, 0.3725, 0.1815, 0.24, 9
1, 0.58, 0.44, 0.175, 1.2255, 0.5405, 0.2705, 0.3265, 10
2, 0.675, 0.57, 0.225, 1.587, 0.739, 0.2995, 0.435, 10
3, 0.66, 0.525, 0.215, 1.786, 0.6725, 0.3615, 0.4065, 11
1, 0.47, 0.375, 0.12, 0.5805, 0.266, 0.0935, 0.169, 8
2, 0.755, 0.575, 0.2, 2.073, 1.0135, 0.4655, 0.48, 11
3, 0.46, 0.35, 0.11, 0.4675, 0.2125, 0.099, 0.1375, 7
1, 0.44, 0.355, 0.125, 0.4775, 0.132, 0.0815, 0.19, 9
2, 0.445, 0.325, 0.125, 0.455, 0.1785, 0.1125, 0.14, 9
2, 0.575, 0.435, 0.15, 1.0305, 0.4605, 0.218, 0.36, 8
2, 0.685, 0.54, 0.16, 1.6675, 0.833, 0.3775, 0.475, 11
2, 0.62, 0.48, 0.165, 1.043, 0.4835, 0.221, 0.31, 10
2, 0.545, 0.43, 0.165, 0.802, 0.2935, 0.183, 0.28, 11
1, 0.175, 0.135, 0.04, 0.0305, 0.011, 0.0075, 0.01, 5
1, 0.57, 0.45, 0.145, 0.95, 0.4005, 0.2235, 0.2845, 10
1, 0.535, 0.42, 0.16, 0.7465, 0.348, 0.1515, 0.2185, 10
2, 0.49, 0.39, 0.135, 0.5785, 0.2465, 0.123, 0.2, 13
2, 0.67, 0.525, 0.195, 1.42, 0.573, 0.368, 0.3905, 10
3, 0.29, 0.205, 0.07, 0.0975, 0.036, 0.019, 0.035, 8
1, 0.335, 0.265, 0.095, 0.1975, 0.0795, 0.0375, 0.07, 9
3, 0.46, 0.355, 0.11, 0.436, 0.1975, 0.096, 0.125, 8
2, 0.595, 0.46, 0.155, 1.0455, 0.4565, 0.24, 0.3085, 10
3, 0.32, 0.24, 0.09, 0.1575, 0.07, 0.0265, 0.0425, 5
2, 0.665, 0.555, 0.195, 1.4385, 0.581, 0.354, 0.36, 17
1, 0.6, 0.5, 0.16, 1.015, 0.3995, 0.1735, 0.33, 19
1, 0.585, 0.46, 0.145, 0.9335, 0.478, 0.1825, 0.235, 9
2, 0.515, 0.43, 0.14, 0.834, 0.367, 0.2, 0.23, 8
2, 0.585, 0.465, 0.165, 0.9355, 0.4035, 0.2275, 0.259, 9
3, 0.375, 0.285, 0.1, 0.239, 0.105, 0.0555, 0.07, 8
1, 0.595, 0.48, 0.14, 0.9125, 0.4095, 0.1825, 0.289, 9
2, 0.605, 0.485, 0.165, 1.0105, 0.435, 0.209, 0.3, 19
1, 0.62, 0.47, 0.15, 1.309, 0.587, 0.4405, 0.325, 9
1, 0.58, 0.47, 0.165, 0.927, 0.3215, 0.1985, 0.315, 11
2, 0.58, 0.445, 0.145, 0.888, 0.41, 0.1815, 0.2425, 8
1, 0.56, 0.43, 0.145, 0.8995, 0.464, 0.1775, 0.234, 9
1, 0.535, 0.405, 0.14, 0.7315, 0.336, 0.156, 0.19, 7
3, 0.365, 0.27, 0.085, 0.197, 0.0815, 0.0325, 0.065, 6
3, 0.555, 0.43, 0.14, 0.7665, 0.341, 0.165, 0.23, 9
3, 0.485, 0.38, 0.12, 0.4725, 0.2075, 0.1075, 0.147, 6
2, 0.55, 0.45, 0.145, 0.741, 0.295, 0.1435, 0.2665, 10
3, 0.53, 0.415, 0.145, 0.944, 0.3845, 0.185, 0.265, 21
