@relation abalone
@attribute Sex integer [1, 3]
@attribute Length real [0.075, 0.815]
@attribute Diameter real [0.055, 0.65]
@attribute Height real [0.0, 1.13]
@attribute Whole_weight real [0.0020, 2.8255]
@attribute Shucked_weight real [0.0010, 1.488]
@attribute Viscera_weight real [5.0E-4, 0.76]
@attribute Shell_weight real [0.0015, 1.005]
@attribute Rings integer [1, 29]
@inputs Sex, Length, Diameter, Height, Whole_weight, Shucked_weight, Viscera_weight, Shell_weight
@outputs Rings
@data
1, 0.52, 0.385, 0.14, 0.6595, 0.2485, 0.2035, 0.16, 9
1, 0.65, 0.525, 0.19, 1.4995, 0.6265, 0.4005, 0.395, 14
1, 0.485, 0.385, 0.105, 0.556, 0.296, 0.104, 0.133, 7
1, 0.46, 0.375, 0.13, 0.5735, 0.2505, 0.119, 0.195, 9
2, 0.535, 0.41, 0.13, 0.7145, 0.335, 0.144, 0.2075, 9
2, 0.685, 0.545, 0.18, 1.768, 0.7495, 0.392, 0.485, 16
2, 0.72, 0.55, 0.18, 1.52, 0.637, 0.325, 0.435, 10
3, 0.43, 0.32, 0.1, 0.3855, 0.192, 0.0745, 0.1, 7
1, 0.565, 0.455, 0.15, 0.9595, 0.4565, 0.2395, 0.23, 9
2, 0.595, 0.48, 0.16, 1.2095, 0.5225, 0.296, 0.32, 8
3, 0.425, 0.34, 0.1, 0.3515, 0.1625, 0.082, 0.094, 7
3, 0.305, 0.23, 0.075, 0.1455, 0.0595, 0.0305, 0.05, 6
3, 0.56, 0.435, 0.13, 0.777, 0.354, 0.173, 0.222, 9
2, 0.6, 0.475, 0.135, 1.4405, 0.5885, 0.191, 0.3175, 9
2, 0.575, 0.46, 0.165, 1.124, 0.2985, 0.1785, 0.44, 13
1, 0.38, 0.29, 0.12, 0.283, 0.1175, 0.0655, 0.085, 9
2, 0.67, 0.54, 0.195, 1.619, 0.74, 0.3305, 0.465, 11
1, 0.5, 0.4, 0.13, 0.6645, 0.258, 0.133, 0.24, 12
3, 0.395, 0.3, 0.12, 0.2995, 0.1265, 0.068, 0.0895, 8
1, 0.555, 0.405, 0.19, 1.406, 0.6115, 0.342, 0.389, 10
2, 0.57, 0.45, 0.165, 0.903, 0.3305, 0.1845, 0.295, 14
1, 0.63, 0.51, 0.19, 1.4985, 0.4125, 0.3075, 0.545, 16
3, 0.455, 0.355, 0.105, 0.372, 0.138, 0.0765, 0.135, 9
1, 0.61, 0.48, 0.165, 1.2435, 0.5575, 0.2675, 0.372, 8
1, 0.35, 0.255, 0.08, 0.1915, 0.08, 0.0385, 0.063, 9
3, 0.605, 0.495, 0.145, 1.054, 0.369, 0.2255, 0.36, 12
1, 0.6, 0.41, 0.145, 0.939, 0.4475, 0.196, 0.268, 8
1, 0.495, 0.375, 0.115, 0.6245, 0.282, 0.143, 0.155, 6
2, 0.675, 0.51, 0.185, 1.473, 0.6295, 0.3025, 0.4245, 11
3, 0.24, 0.18, 0.055, 0.0555, 0.0235, 0.013, 0.018, 4
1, 0.75, 0.555, 0.215, 2.201, 1.0615, 0.5235, 0.5285, 11
1, 0.62, 0.46, 0.17, 1.127, 0.535, 0.2635, 0.296, 7
2, 0.56, 0.465, 0.16, 1.0315, 0.432, 0.2025, 0.337, 9
1, 0.7, 0.54, 0.205, 1.74, 0.7885, 0.373, 0.4865, 13
1, 0.615, 0.46, 0.17, 1.0565, 0.4815, 0.272, 0.27, 10
2, 0.61, 0.47, 0.145, 1.153, 0.403, 0.296, 0.32, 14
3, 0.65, 0.52, 0.15, 1.238, 0.5495, 0.296, 0.3305, 10
2, 0.68, 0.505, 0.17, 1.3435, 0.657, 0.297, 0.355, 12
2, 0.6, 0.48, 0.18, 1.0645, 0.4495, 0.2455, 0.325, 10
1, 0.645, 0.51, 0.19, 1.4745, 0.605, 0.345, 0.48, 9
3, 0.54, 0.425, 0.14, 0.742, 0.32, 0.1395, 0.25, 9
2, 0.45, 0.365, 0.115, 0.5885, 0.318, 0.121, 0.1325, 8
2, 0.515, 0.415, 0.13, 0.764, 0.276, 0.196, 0.25, 13
3, 0.515, 0.39, 0.125, 0.5705, 0.238, 0.1265, 0.185, 8
2, 0.69, 0.555, 0.205, 1.8165, 0.7785, 0.4395, 0.515, 19
3, 0.585, 0.47, 0.17, 0.985, 0.3695, 0.2395, 0.315, 10
2, 0.45, 0.36, 0.125, 0.5065, 0.222, 0.105, 0.16, 10
3, 0.295, 0.215, 0.07, 0.121, 0.047, 0.0155, 0.0405, 6
1, 0.47, 0.38, 0.145, 0.5865, 0.2385, 0.144, 0.185, 8
2, 0.55, 0.43, 0.14, 0.7135, 0.2565, 0.186, 0.225, 9
2, 0.565, 0.45, 0.145, 0.8495, 0.4215, 0.1685, 0.225, 8
2, 0.56, 0.44, 0.155, 0.6405, 0.336, 0.1765, 0.245, 8
3, 0.4, 0.3, 0.09, 0.2815, 0.1185, 0.061, 0.08, 7
3, 0.59, 0.46, 0.125, 0.755, 0.334, 0.15, 0.238, 9
1, 0.515, 0.39, 0.14, 0.678, 0.341, 0.1325, 0.119, 8
1, 0.58, 0.465, 0.145, 0.887, 0.4405, 0.1655, 0.265, 11
1, 0.5, 0.375, 0.145, 0.6215, 0.274, 0.166, 0.1485, 7
1, 0.555, 0.41, 0.125, 0.599, 0.2345, 0.1465, 0.194, 8
1, 0.55, 0.42, 0.16, 1.3405, 0.6325, 0.311, 0.344, 10
2, 0.63, 0.495, 0.145, 1.147, 0.5455, 0.266, 0.2885, 9
3, 0.535, 0.39, 0.125, 0.599, 0.2595, 0.149, 0.169, 9
2, 0.55, 0.44, 0.155, 0.946, 0.313, 0.1825, 0.335, 16
2, 0.55, 0.425, 0.135, 0.8515, 0.362, 0.196, 0.27, 14
2, 0.605, 0.485, 0.16, 1.0565, 0.37, 0.2355, 0.355, 10
1, 0.355, 0.28, 0.095, 0.2455, 0.0955, 0.062, 0.075, 11
1, 0.57, 0.44, 0.155, 1.116, 0.4775, 0.2315, 0.27, 13
1, 0.645, 0.51, 0.195, 1.226, 0.5885, 0.2215, 0.3745, 10
3, 0.47, 0.355, 0.115, 0.4155, 0.167, 0.084, 0.139, 7
2, 0.565, 0.49, 0.155, 0.9245, 0.405, 0.2195, 0.255, 11
3, 0.495, 0.375, 0.14, 0.494, 0.181, 0.0975, 0.191, 8
3, 0.45, 0.355, 0.115, 0.4385, 0.184, 0.108, 0.1125, 11
1, 0.37, 0.28, 0.095, 0.2225, 0.0805, 0.051, 0.075, 7
3, 0.565, 0.44, 0.175, 0.8735, 0.414, 0.21, 0.21, 11
2, 0.625, 0.47, 0.17, 1.255, 0.525, 0.2415, 0.405, 10
2, 0.37, 0.285, 0.105, 0.27, 0.1125, 0.0585, 0.0835, 9
2, 0.625, 0.49, 0.175, 1.1075, 0.4485, 0.2165, 0.3595, 8
2, 0.67, 0.53, 0.205, 1.4015, 0.643, 0.2465, 0.416, 12
2, 0.695, 0.535, 0.175, 1.8385, 0.8035, 0.396, 0.503, 10
3, 0.53, 0.425, 0.13, 0.7675, 0.419, 0.1205, 0.21, 9
3, 0.275, 0.195, 0.09, 0.1125, 0.0545, 0.0295, 0.0355, 6
1, 0.735, 0.57, 0.175, 1.88, 0.9095, 0.387, 0.488, 11
1, 0.695, 0.525, 0.175, 1.742, 0.696, 0.389, 0.505, 12
2, 0.695, 0.56, 0.185, 1.7715, 0.8195, 0.331, 0.437, 10
1, 0.45, 0.33, 0.105, 0.4955, 0.2575, 0.082, 0.129, 8
3, 0.435, 0.33, 0.11, 0.413, 0.2055, 0.096, 0.096, 6
2, 0.515, 0.415, 0.14, 0.6935, 0.3115, 0.152, 0.2, 10
3, 0.475, 0.385, 0.11, 0.5735, 0.311, 0.1025, 0.136, 7
3, 0.31, 0.24, 0.09, 0.1455, 0.0605, 0.0315, 0.045, 7
1, 0.615, 0.525, 0.155, 1.1375, 0.367, 0.236, 0.37, 20
1, 0.62, 0.485, 0.165, 1.1325, 0.5235, 0.2505, 0.2825, 9
1, 0.67, 0.52, 0.175, 1.4755, 0.6275, 0.379, 0.374, 10
3, 0.36, 0.27, 0.085, 0.196, 0.0905, 0.034, 0.053, 7
1, 0.48, 0.38, 0.13, 0.6175, 0.3, 0.142, 0.175, 12
3, 0.575, 0.455, 0.155, 0.8725, 0.349, 0.2095, 0.285, 8
3, 0.53, 0.38, 0.125, 0.616, 0.292, 0.113, 0.185, 8
2, 0.595, 0.465, 0.15, 1.1005, 0.5415, 0.166, 0.265, 8
1, 0.615, 0.455, 0.15, 0.9335, 0.382, 0.247, 0.2615, 10
2, 0.62, 0.48, 0.23, 1.0935, 0.403, 0.245, 0.355, 14
3, 0.435, 0.33, 0.11, 0.38, 0.1515, 0.0945, 0.11, 7
1, 0.27, 0.2, 0.08, 0.1205, 0.0465, 0.028, 0.04, 6
2, 0.705, 0.54, 0.205, 1.757, 0.8265, 0.417, 0.461, 9
2, 0.59, 0.47, 0.17, 0.9, 0.355, 0.1905, 0.25, 11
3, 0.48, 0.37, 0.125, 0.474, 0.179, 0.1035, 0.175, 9
2, 0.62, 0.47, 0.14, 1.0325, 0.3605, 0.224, 0.36, 15
1, 0.695, 0.53, 0.15, 1.477, 0.6375, 0.3025, 0.43, 14
3, 0.605, 0.435, 0.13, 0.9025, 0.432, 0.174, 0.26, 11
3, 0.415, 0.325, 0.1, 0.4665, 0.2285, 0.1065, 0.114, 7
3, 0.33, 0.255, 0.085, 0.1655, 0.063, 0.039, 0.06, 8
3, 0.405, 0.3, 0.12, 0.324, 0.1265, 0.07, 0.11, 7
1, 0.58, 0.46, 0.165, 1.2275, 0.473, 0.1965, 0.435, 16
2, 0.615, 0.475, 0.155, 1.004, 0.4475, 0.193, 0.2895, 10
3, 0.48, 0.38, 0.125, 0.523, 0.2105, 0.1045, 0.175, 15
3, 0.35, 0.25, 0.07, 0.18, 0.0655, 0.048, 0.054, 6
3, 0.56, 0.455, 0.145, 0.974, 0.547, 0.1615, 0.235, 9
2, 0.435, 0.335, 0.11, 0.38, 0.1695, 0.086, 0.11, 9
1, 0.385, 0.285, 0.105, 0.2905, 0.1215, 0.0685, 0.0875, 12
3, 0.365, 0.265, 0.135, 0.2215, 0.105, 0.047, 0.0605, 7
1, 0.58, 0.46, 0.16, 1.063, 0.513, 0.2705, 0.2625, 9
1, 0.54, 0.41, 0.13, 0.56, 0.2375, 0.1065, 0.175, 7
3, 0.3, 0.22, 0.08, 0.1255, 0.055, 0.0265, 0.039, 6
1, 0.655, 0.53, 0.175, 1.2635, 0.486, 0.2635, 0.415, 15
1, 0.605, 0.49, 0.18, 1.227, 0.48, 0.287, 0.35, 18
1, 0.58, 0.445, 0.135, 0.814, 0.3775, 0.1915, 0.22, 9
2, 0.62, 0.51, 0.15, 1.456, 0.581, 0.2875, 0.32, 13
3, 0.68, 0.53, 0.185, 1.1095, 0.439, 0.245, 0.34, 10
1, 0.55, 0.42, 0.145, 0.7385, 0.321, 0.1485, 0.252, 11
3, 0.53, 0.43, 0.13, 0.7045, 0.346, 0.1415, 0.189, 9
1, 0.33, 0.245, 0.085, 0.171, 0.0655, 0.0365, 0.055, 11
1, 0.535, 0.41, 0.15, 0.8105, 0.345, 0.187, 0.24, 11
1, 0.665, 0.525, 0.155, 1.3575, 0.5325, 0.3045, 0.4485, 10
2, 0.58, 0.455, 0.17, 0.9075, 0.374, 0.2135, 0.285, 13
2, 0.5, 0.4, 0.145, 0.63, 0.234, 0.1465, 0.23, 12
3, 0.415, 0.31, 0.105, 0.3595, 0.167, 0.083, 0.0915, 6
1, 0.775, 0.57, 0.22, 2.032, 0.735, 0.4755, 0.6585, 17
2, 0.57, 0.44, 0.12, 0.803, 0.382, 0.1525, 0.234, 9
1, 0.62, 0.465, 0.185, 1.274, 0.579, 0.3065, 0.32, 12
3, 0.325, 0.24, 0.07, 0.152, 0.0565, 0.0305, 0.054, 8
1, 0.655, 0.52, 0.18, 1.492, 0.7185, 0.36, 0.355, 11
2, 0.61, 0.5, 0.18, 1.438, 0.5185, 0.3735, 0.3345, 9
1, 0.585, 0.46, 0.185, 0.922, 0.3635, 0.213, 0.285, 10
2, 0.45, 0.345, 0.115, 0.496, 0.1905, 0.117, 0.14, 12
2, 0.435, 0.35, 0.11, 0.384, 0.143, 0.1005, 0.125, 13
2, 0.6, 0.48, 0.165, 1.1345, 0.4535, 0.27, 0.335, 10
1, 0.56, 0.415, 0.145, 0.852, 0.43, 0.1885, 0.205, 8
2, 0.63, 0.505, 0.195, 1.306, 0.516, 0.3305, 0.375, 9
1, 0.58, 0.45, 0.15, 0.927, 0.276, 0.1815, 0.36, 14
1, 0.28, 0.21, 0.065, 0.0905, 0.035, 0.02, 0.03, 5
2, 0.595, 0.465, 0.145, 0.7955, 0.3425, 0.1795, 0.2425, 10
1, 0.59, 0.475, 0.16, 0.9455, 0.3815, 0.184, 0.27, 19
3, 0.52, 0.425, 0.17, 0.6805, 0.28, 0.174, 0.195, 10
1, 0.635, 0.495, 0.17, 1.3695, 0.657, 0.3055, 0.365, 10
1, 0.61, 0.485, 0.16, 1.0145, 0.5315, 0.212, 0.2415, 8
1, 0.4, 0.31, 0.11, 0.314, 0.138, 0.057, 0.1, 11
3, 0.185, 0.135, 0.045, 0.032, 0.011, 0.0065, 0.01, 4
3, 0.365, 0.275, 0.09, 0.2345, 0.108, 0.051, 0.0625, 7
2, 0.6, 0.5, 0.17, 1.13, 0.4405, 0.267, 0.335, 11
3, 0.585, 0.46, 0.145, 0.8465, 0.339, 0.167, 0.295, 10
3, 0.47, 0.345, 0.12, 0.3685, 0.1525, 0.0615, 0.125, 8
1, 0.56, 0.445, 0.16, 0.8965, 0.42, 0.2175, 0.2215, 8
3, 0.405, 0.31, 0.065, 0.3205, 0.1575, 0.066, 0.088, 6
1, 0.655, 0.515, 0.2, 1.373, 0.443, 0.3375, 0.49, 16
3, 0.53, 0.405, 0.13, 0.6615, 0.2945, 0.1395, 0.19, 9
2, 0.635, 0.485, 0.19, 1.3765, 0.634, 0.2885, 0.406, 11
1, 0.575, 0.455, 0.135, 0.907, 0.4245, 0.197, 0.26, 9
2, 0.4, 0.335, 0.115, 0.4335, 0.2105, 0.1205, 0.12, 10
2, 0.705, 0.545, 0.18, 1.5395, 0.6075, 0.3675, 0.4645, 13
3, 0.605, 0.485, 0.15, 1.238, 0.6315, 0.226, 0.33, 11
2, 0.62, 0.485, 0.165, 1.166, 0.483, 0.238, 0.355, 13
1, 0.545, 0.42, 0.12, 0.7865, 0.403, 0.185, 0.17, 7
1, 0.52, 0.4, 0.145, 0.7765, 0.3525, 0.1845, 0.185, 9
1, 0.62, 0.475, 0.195, 1.3585, 0.5935, 0.3365, 0.3745, 10
1, 0.64, 0.5, 0.175, 1.273, 0.5065, 0.2925, 0.405, 13
3, 0.555, 0.435, 0.14, 0.765, 0.3945, 0.15, 0.206, 8
3, 0.535, 0.42, 0.145, 0.926, 0.398, 0.1965, 0.25, 17
2, 0.635, 0.505, 0.185, 1.3035, 0.501, 0.295, 0.41, 17
3, 0.55, 0.405, 0.15, 0.6755, 0.3015, 0.1465, 0.21, 10
2, 0.52, 0.405, 0.12, 0.627, 0.2645, 0.1415, 0.181, 11
3, 0.605, 0.47, 0.145, 0.8025, 0.379, 0.2265, 0.22, 9
2, 0.675, 0.535, 0.16, 1.41, 0.592, 0.3175, 0.42, 16
2, 0.525, 0.43, 0.135, 0.8435, 0.4325, 0.18, 0.1815, 9
1, 0.61, 0.5, 0.165, 1.2715, 0.4915, 0.185, 0.49, 12
3, 0.39, 0.29, 0.1, 0.2225, 0.095, 0.0465, 0.073, 7
2, 0.595, 0.465, 0.155, 1.026, 0.4645, 0.112, 0.305, 12
1, 0.665, 0.515, 0.19, 1.6385, 0.831, 0.3575, 0.371, 11
1, 0.74, 0.595, 0.19, 2.3235, 1.1495, 0.5115, 0.505, 11
1, 0.515, 0.39, 0.155, 0.7125, 0.3695, 0.137, 0.155, 7
2, 0.7, 0.555, 0.22, 1.666, 0.647, 0.4285, 0.455, 11
1, 0.695, 0.56, 0.19, 1.494, 0.588, 0.3425, 0.485, 15
3, 0.625, 0.485, 0.15, 1.044, 0.438, 0.2865, 0.278, 9
3, 0.575, 0.45, 0.13, 0.8145, 0.403, 0.1715, 0.213, 10
3, 0.55, 0.435, 0.14, 0.7995, 0.295, 0.1905, 0.238, 10
3, 0.455, 0.365, 0.135, 0.441, 0.1515, 0.1165, 0.145, 9
2, 0.75, 0.615, 0.205, 2.2635, 0.821, 0.423, 0.726, 12
3, 0.55, 0.4, 0.135, 0.717, 0.3315, 0.1495, 0.221, 9
2, 0.375, 0.295, 0.11, 0.3005, 0.1255, 0.0575, 0.1035, 7
1, 0.525, 0.4, 0.17, 0.7305, 0.279, 0.2055, 0.195, 11
1, 0.665, 0.515, 0.165, 1.3855, 0.621, 0.302, 0.3445, 8
2, 0.625, 0.5, 0.15, 0.953, 0.3445, 0.2235, 0.305, 15
2, 0.655, 0.5, 0.22, 1.359, 0.642, 0.3255, 0.405, 13
1, 0.485, 0.39, 0.085, 0.6435, 0.2945, 0.103, 0.198, 8
3, 0.31, 0.235, 0.075, 0.1515, 0.056, 0.0315, 0.05, 7
1, 0.755, 0.58, 0.205, 2.0065, 0.8295, 0.4015, 0.595, 10
3, 0.35, 0.265, 0.08, 0.192, 0.081, 0.0465, 0.053, 6
1, 0.65, 0.495, 0.18, 1.793, 0.8005, 0.339, 0.53, 14
3, 0.36, 0.27, 0.095, 0.2, 0.073, 0.056, 0.061, 8
2, 0.635, 0.495, 0.18, 1.596, 0.617, 0.317, 0.37, 11
1, 0.655, 0.53, 0.195, 1.388, 0.567, 0.2735, 0.41, 13
2, 0.52, 0.43, 0.15, 0.728, 0.302, 0.1575, 0.235, 11
2, 0.72, 0.575, 0.195, 2.1505, 1.0745, 0.382, 0.585, 10
1, 0.54, 0.415, 0.145, 0.74, 0.2635, 0.168, 0.245, 12
1, 0.59, 0.445, 0.14, 0.931, 0.356, 0.234, 0.28, 12
2, 0.505, 0.405, 0.18, 0.606, 0.239, 0.1235, 0.18, 11
1, 0.715, 0.55, 0.19, 2.0045, 1.0465, 0.407, 0.5075, 12
1, 0.535, 0.405, 0.14, 0.818, 0.402, 0.1715, 0.189, 7
1, 0.56, 0.415, 0.13, 0.7615, 0.3695, 0.17, 0.1955, 8
3, 0.355, 0.255, 0.08, 0.187, 0.078, 0.0505, 0.058, 7
2, 0.525, 0.415, 0.15, 0.7155, 0.2355, 0.171, 0.27, 13
1, 0.655, 0.59, 0.2, 1.5455, 0.654, 0.3765, 0.415, 11
2, 0.605, 0.5, 0.185, 1.1185, 0.469, 0.2585, 0.335, 9
2, 0.615, 0.485, 0.16, 1.1575, 0.5005, 0.2495, 0.315, 10
3, 0.25, 0.185, 0.065, 0.071, 0.027, 0.0185, 0.0225, 5
3, 0.34, 0.25, 0.09, 0.179, 0.0775, 0.033, 0.055, 6
3, 0.44, 0.325, 0.1, 0.4165, 0.185, 0.0865, 0.11, 6
1, 0.65, 0.515, 0.175, 1.466, 0.677, 0.3045, 0.4, 10
1, 0.57, 0.46, 0.155, 1.0005, 0.454, 0.205, 0.265, 11
3, 0.405, 0.3, 0.09, 0.269, 0.103, 0.067, 0.11, 6
2, 0.645, 0.52, 0.21, 1.5535, 0.616, 0.3655, 0.474, 16
3, 0.525, 0.4, 0.145, 0.6095, 0.248, 0.159, 0.175, 9
2, 0.555, 0.44, 0.145, 0.8815, 0.43, 0.1975, 0.2155, 8
2, 0.6, 0.505, 0.19, 1.129, 0.4385, 0.256, 0.36, 13
2, 0.59, 0.475, 0.155, 0.9715, 0.371, 0.235, 0.28, 11
3, 0.37, 0.275, 0.09, 0.2065, 0.096, 0.0395, 0.058, 7
3, 0.575, 0.45, 0.135, 0.8245, 0.3375, 0.2115, 0.239, 11
2, 0.345, 0.255, 0.1, 0.197, 0.071, 0.051, 0.06, 9
2, 0.675, 0.535, 0.22, 1.604, 0.6175, 0.4255, 0.453, 14
1, 0.58, 0.455, 0.195, 1.859, 0.945, 0.426, 0.441, 9
2, 0.65, 0.5, 0.19, 1.464, 0.6415, 0.339, 0.4245, 9
1, 0.59, 0.47, 0.135, 1.1685, 0.539, 0.279, 0.28, 8
1, 0.66, 0.525, 0.18, 1.478, 0.5815, 0.381, 0.372, 10
1, 0.685, 0.52, 0.15, 1.3735, 0.7185, 0.293, 0.32, 11
3, 0.375, 0.275, 0.085, 0.22, 0.109, 0.05, 0.0605, 7
3, 0.43, 0.33, 0.1, 0.449, 0.254, 0.0825, 0.097, 6
2, 0.65, 0.505, 0.165, 1.357, 0.5725, 0.281, 0.43, 11
2, 0.63, 0.49, 0.225, 1.336, 0.6805, 0.259, 0.3245, 10
2, 0.49, 0.37, 0.105, 0.5265, 0.249, 0.1005, 0.148, 7
2, 0.505, 0.41, 0.15, 0.6345, 0.243, 0.1335, 0.215, 17
2, 0.615, 0.475, 0.145, 0.9525, 0.3915, 0.195, 0.32, 9
1, 0.655, 0.51, 0.215, 1.7835, 0.8885, 0.4095, 0.4195, 11
1, 0.565, 0.435, 0.185, 0.9815, 0.329, 0.136, 0.39, 13
2, 0.6, 0.48, 0.15, 1.029, 0.4085, 0.2705, 0.295, 16
2, 0.585, 0.42, 0.155, 1.034, 0.437, 0.2225, 0.32, 11
3, 0.375, 0.275, 0.095, 0.2295, 0.095, 0.0545, 0.066, 7
2, 0.74, 0.6, 0.195, 1.974, 0.598, 0.4085, 0.71, 16
2, 0.625, 0.49, 0.2, 1.3825, 0.5895, 0.285, 0.381, 11
3, 0.33, 0.23, 0.08, 0.14, 0.0565, 0.0365, 0.046, 7
1, 0.385, 0.255, 0.1, 0.3175, 0.137, 0.068, 0.092, 8
3, 0.37, 0.28, 0.09, 0.2565, 0.1255, 0.0645, 0.0645, 6
1, 0.515, 0.4, 0.14, 0.6335, 0.288, 0.145, 0.168, 9
2, 0.63, 0.475, 0.15, 1.172, 0.536, 0.254, 0.316, 11
1, 0.63, 0.47, 0.155, 1.1325, 0.589, 0.211, 0.287, 8
3, 0.385, 0.3, 0.1, 0.2895, 0.1215, 0.063, 0.09, 7
3, 0.34, 0.25, 0.07, 0.2225, 0.104, 0.0425, 0.055, 7
3, 0.42, 0.32, 0.115, 0.376, 0.169, 0.092, 0.1, 5
1, 0.62, 0.505, 0.185, 1.5275, 0.69, 0.368, 0.35, 13
1, 0.575, 0.465, 0.15, 1.08, 0.595, 0.2065, 0.238, 9
1, 0.585, 0.45, 0.15, 0.997, 0.4055, 0.283, 0.251, 11
2, 0.645, 0.505, 0.165, 1.4325, 0.684, 0.308, 0.336, 8
3, 0.48, 0.355, 0.115, 0.4725, 0.2065, 0.112, 0.132, 8
3, 0.215, 0.165, 0.055, 0.059, 0.0265, 0.0125, 0.0185, 5
1, 0.64, 0.51, 0.17, 1.3715, 0.567, 0.307, 0.409, 10
3, 0.575, 0.45, 0.145, 0.795, 0.364, 0.1505, 0.26, 10
3, 0.555, 0.395, 0.13, 0.5585, 0.222, 0.1245, 0.17, 9
2, 0.74, 0.565, 0.205, 2.119, 0.9655, 0.5185, 0.482, 12
3, 0.4, 0.29, 0.11, 0.329, 0.188, 0.0455, 0.0825, 6
3, 0.58, 0.42, 0.16, 0.728, 0.2725, 0.19, 0.19, 14
1, 0.56, 0.44, 0.13, 0.8255, 0.2425, 0.202, 0.285, 10
1, 0.65, 0.52, 0.155, 1.368, 0.6185, 0.288, 0.365, 9
3, 0.52, 0.395, 0.125, 0.663, 0.3005, 0.131, 0.1905, 9
3, 0.575, 0.435, 0.13, 0.805, 0.3155, 0.2155, 0.245, 10
3, 0.425, 0.325, 0.105, 0.3975, 0.1815, 0.081, 0.1175, 7
2, 0.61, 0.495, 0.185, 1.1085, 0.3705, 0.3135, 0.33, 12
3, 0.48, 0.39, 0.15, 0.6275, 0.276, 0.134, 0.185, 13
2, 0.56, 0.41, 0.16, 0.8215, 0.342, 0.184, 0.253, 9
1, 0.49, 0.355, 0.155, 0.981, 0.465, 0.2015, 0.2505, 8
1, 0.445, 0.34, 0.12, 0.4475, 0.193, 0.1035, 0.13, 9
3, 0.425, 0.34, 0.1, 0.371, 0.15, 0.0865, 0.115, 8
2, 0.64, 0.5, 0.17, 1.2645, 0.565, 0.3375, 0.315, 9
3, 0.5, 0.385, 0.155, 0.762, 0.3795, 0.161, 0.19, 14
3, 0.41, 0.3, 0.115, 0.2595, 0.097, 0.0515, 0.08, 10
2, 0.475, 0.375, 0.15, 0.559, 0.1955, 0.1215, 0.1945, 12
3, 0.32, 0.25, 0.08, 0.1565, 0.057, 0.034, 0.06, 9
3, 0.415, 0.31, 0.095, 0.311, 0.1125, 0.0625, 0.115, 8
2, 0.595, 0.495, 0.235, 1.366, 0.5065, 0.219, 0.52, 13
2, 0.54, 0.435, 0.175, 0.892, 0.322, 0.174, 0.335, 13
1, 0.55, 0.415, 0.175, 1.042, 0.3295, 0.2325, 0.2905, 15
1, 0.505, 0.4, 0.135, 0.723, 0.377, 0.149, 0.178, 7
2, 0.57, 0.435, 0.14, 0.8585, 0.3905, 0.196, 0.2295, 8
3, 0.505, 0.355, 0.125, 0.601, 0.25, 0.1205, 0.185, 8
3, 0.14, 0.105, 0.035, 0.014, 0.0055, 0.0025, 0.004, 3
1, 0.415, 0.3, 0.1, 0.3355, 0.1545, 0.0685, 0.095, 7
2, 0.61, 0.46, 0.155, 0.957, 0.4255, 0.1975, 0.265, 8
3, 0.24, 0.175, 0.065, 0.0665, 0.031, 0.0135, 0.017, 3
3, 0.135, 0.13, 0.04, 0.029, 0.0125, 0.0065, 0.008, 4
2, 0.535, 0.42, 0.13, 0.699, 0.3125, 0.1565, 0.2035, 8
3, 0.51, 0.375, 0.1, 0.5785, 0.238, 0.1225, 0.175, 7
3, 0.31, 0.24, 0.105, 0.2885, 0.118, 0.065, 0.083, 6
1, 0.35, 0.275, 0.11, 0.2925, 0.1225, 0.0635, 0.0905, 8
2, 0.59, 0.45, 0.16, 0.9, 0.358, 0.156, 0.315, 19
2, 0.44, 0.33, 0.115, 0.4005, 0.143, 0.113, 0.12, 8
3, 0.29, 0.21, 0.07, 0.1115, 0.048, 0.0205, 0.03, 5
2, 0.64, 0.475, 0.14, 1.0725, 0.4895, 0.2295, 0.31, 8
2, 0.515, 0.42, 0.135, 0.6295, 0.2815, 0.127, 0.215, 9
1, 0.63, 0.49, 0.165, 1.2005, 0.575, 0.273, 0.294, 10
1, 0.535, 0.415, 0.135, 0.78, 0.3165, 0.169, 0.2365, 8
1, 0.53, 0.415, 0.13, 0.8425, 0.275, 0.1945, 0.265, 20
3, 0.525, 0.4, 0.14, 0.601, 0.2625, 0.1285, 0.1835, 9
2, 0.62, 0.48, 0.17, 1.1045, 0.535, 0.25, 0.287, 10
2, 0.695, 0.535, 0.175, 1.361, 0.5465, 0.2815, 0.465, 10
1, 0.525, 0.4, 0.13, 0.8295, 0.2405, 0.1825, 0.275, 11
1, 0.6, 0.455, 0.17, 1.1915, 0.696, 0.2395, 0.24, 8
3, 0.56, 0.445, 0.165, 1.0285, 0.4535, 0.253, 0.275, 11
3, 0.315, 0.235, 0.075, 0.1285, 0.051, 0.028, 0.0405, 4
1, 0.53, 0.4, 0.125, 0.7575, 0.398, 0.151, 0.175, 8
3, 0.425, 0.325, 0.115, 0.3685, 0.162, 0.0865, 0.1045, 7
1, 0.615, 0.45, 0.15, 1.198, 0.707, 0.2095, 0.2505, 7
3, 0.45, 0.355, 0.12, 0.412, 0.1145, 0.0665, 0.16, 19
1, 0.65, 0.505, 0.17, 1.5595, 0.695, 0.3515, 0.395, 11
1, 0.51, 0.4, 0.14, 0.6905, 0.259, 0.151, 0.23, 10
2, 0.51, 0.39, 0.135, 0.6335, 0.231, 0.179, 0.2, 9
1, 0.575, 0.47, 0.185, 0.985, 0.3745, 0.2175, 0.355, 10
2, 0.55, 0.425, 0.14, 0.952, 0.4895, 0.1945, 0.2185, 7
3, 0.42, 0.325, 0.115, 0.314, 0.1295, 0.0635, 0.1, 8
3, 0.36, 0.26, 0.08, 0.1795, 0.074, 0.0315, 0.06, 5
3, 0.405, 0.3, 0.085, 0.3035, 0.15, 0.0505, 0.088, 7
2, 0.615, 0.48, 0.16, 1.2525, 0.585, 0.2595, 0.33, 8
3, 0.41, 0.32, 0.095, 0.2905, 0.141, 0.063, 0.073, 5
3, 0.465, 0.37, 0.115, 0.4075, 0.1515, 0.0935, 0.1455, 9
1, 0.645, 0.5, 0.19, 1.229, 0.524, 0.278, 0.395, 17
2, 0.665, 0.535, 0.19, 1.496, 0.5775, 0.2815, 0.475, 17
2, 0.445, 0.335, 0.11, 0.4355, 0.2025, 0.1095, 0.1195, 6
3, 0.36, 0.275, 0.085, 0.1975, 0.0745, 0.0415, 0.07, 9
1, 0.65, 0.505, 0.19, 1.274, 0.59, 0.23, 0.391, 11
3, 0.52, 0.41, 0.14, 0.5995, 0.242, 0.1375, 0.182, 11
2, 0.545, 0.445, 0.15, 0.8, 0.3535, 0.163, 0.207, 9
1, 0.56, 0.45, 0.145, 0.9355, 0.425, 0.1645, 0.2725, 11
1, 0.685, 0.51, 0.165, 1.545, 0.686, 0.3775, 0.4055, 10
1, 0.455, 0.355, 0.135, 0.4745, 0.1865, 0.0935, 0.168, 13
3, 0.325, 0.245, 0.075, 0.1495, 0.0605, 0.033, 0.045, 5
3, 0.485, 0.39, 0.125, 0.591, 0.287, 0.141, 0.12, 9
3, 0.6, 0.475, 0.15, 1.12, 0.565, 0.2465, 0.27, 10
3, 0.54, 0.415, 0.135, 0.709, 0.3195, 0.174, 0.185, 9
2, 0.52, 0.4, 0.12, 0.6515, 0.261, 0.2015, 0.165, 15
1, 0.63, 0.48, 0.15, 1.271, 0.6605, 0.2425, 0.31, 11
3, 0.465, 0.37, 0.11, 0.445, 0.1635, 0.096, 0.166, 7
2, 0.67, 0.505, 0.205, 1.3645, 0.6075, 0.3025, 0.353, 9
3, 0.265, 0.205, 0.07, 0.1055, 0.039, 0.041, 0.035, 5
3, 0.48, 0.35, 0.1, 0.519, 0.2365, 0.1275, 0.126, 7
3, 0.43, 0.34, 0.12, 0.3575, 0.151, 0.0645, 0.1045, 9
1, 0.48, 0.375, 0.115, 0.6765, 0.3205, 0.1065, 0.17, 6
2, 0.475, 0.36, 0.125, 0.447, 0.1695, 0.081, 0.14, 9
2, 0.47, 0.36, 0.145, 0.537, 0.1725, 0.1375, 0.195, 15
1, 0.595, 0.465, 0.125, 0.799, 0.3245, 0.2, 0.23, 10
2, 0.67, 0.525, 0.195, 1.37, 0.6065, 0.2955, 0.407, 12
1, 0.58, 0.45, 0.14, 1.013, 0.38, 0.216, 0.36, 14
1, 0.465, 0.36, 0.11, 0.4955, 0.2665, 0.085, 0.121, 7
3, 0.335, 0.25, 0.075, 0.186, 0.0945, 0.038, 0.0445, 7
2, 0.525, 0.425, 0.145, 0.7995, 0.3345, 0.209, 0.24, 15
1, 0.555, 0.42, 0.145, 0.8695, 0.3075, 0.2575, 0.25, 14
1, 0.39, 0.3, 0.09, 0.3055, 0.143, 0.0645, 0.085, 9
2, 0.59, 0.455, 0.15, 0.976, 0.465, 0.2055, 0.2765, 10
2, 0.595, 0.45, 0.15, 1.114, 0.5865, 0.2205, 0.25, 11
3, 0.46, 0.345, 0.105, 0.415, 0.187, 0.087, 0.11, 8
2, 0.52, 0.405, 0.145, 0.829, 0.3535, 0.1685, 0.205, 15
1, 0.5, 0.415, 0.165, 0.6885, 0.249, 0.138, 0.25, 13
2, 0.635, 0.49, 0.17, 1.2615, 0.5385, 0.2665, 0.38, 9
2, 0.65, 0.545, 0.23, 1.752, 0.5605, 0.2895, 0.815, 16
2, 0.695, 0.55, 0.16, 1.6365, 0.694, 0.3005, 0.44, 13
2, 0.585, 0.475, 0.185, 0.9585, 0.4145, 0.1615, 0.33, 11
3, 0.395, 0.29, 0.095, 0.319, 0.138, 0.08, 0.082, 7
3, 0.35, 0.235, 0.08, 0.17, 0.0725, 0.0465, 0.0495, 7
2, 0.56, 0.44, 0.155, 0.9705, 0.4315, 0.263, 0.255, 9
1, 0.61, 0.475, 0.175, 1.024, 0.409, 0.261, 0.322, 9
2, 0.615, 0.48, 0.165, 1.1615, 0.513, 0.301, 0.305, 10
1, 0.7, 0.565, 0.175, 1.8565, 0.8445, 0.3935, 0.54, 10
2, 0.575, 0.445, 0.135, 0.883, 0.381, 0.2035, 0.26, 11
3, 0.62, 0.475, 0.16, 0.907, 0.371, 0.167, 0.3075, 11
2, 0.425, 0.33, 0.115, 0.406, 0.1635, 0.081, 0.1355, 8
3, 0.33, 0.265, 0.085, 0.196, 0.0775, 0.0305, 0.0445, 6
3, 0.21, 0.15, 0.055, 0.0455, 0.02, 0.0065, 0.013, 4
2, 0.62, 0.485, 0.22, 1.511, 0.5095, 0.284, 0.51, 17
3, 0.47, 0.355, 0.12, 0.4915, 0.1765, 0.1125, 0.1325, 9
3, 0.49, 0.39, 0.12, 0.511, 0.2205, 0.103, 0.1745, 9
3, 0.475, 0.365, 0.12, 0.53, 0.2505, 0.0975, 0.1625, 10
1, 0.415, 0.315, 0.115, 0.3895, 0.2015, 0.065, 0.103, 9
3, 0.545, 0.43, 0.15, 0.742, 0.3525, 0.158, 0.208, 10
1, 0.34, 0.265, 0.085, 0.1835, 0.077, 0.046, 0.065, 10
1, 0.595, 0.475, 0.14, 0.944, 0.3625, 0.189, 0.315, 9
3, 0.42, 0.325, 0.11, 0.325, 0.1245, 0.0755, 0.1025, 7
1, 0.645, 0.53, 0.195, 1.39, 0.6465, 0.2945, 0.3735, 10
1, 0.735, 0.59, 0.225, 1.756, 0.637, 0.3405, 0.58, 21
2, 0.575, 0.48, 0.165, 1.078, 0.511, 0.2095, 0.306, 9
3, 0.39, 0.28, 0.09, 0.215, 0.0845, 0.034, 0.079, 8
3, 0.55, 0.435, 0.165, 0.804, 0.34, 0.194, 0.244, 8
1, 0.425, 0.325, 0.1, 0.3295, 0.1365, 0.0725, 0.11, 7
2, 0.29, 0.21, 0.075, 0.275, 0.113, 0.0675, 0.035, 6
3, 0.58, 0.435, 0.15, 0.8915, 0.363, 0.1925, 0.2515, 6
3, 0.435, 0.345, 0.115, 0.418, 0.222, 0.0735, 0.106, 7
2, 0.45, 0.38, 0.165, 0.8165, 0.25, 0.1915, 0.265, 23
3, 0.5, 0.4, 0.12, 0.616, 0.261, 0.143, 0.1935, 8
1, 0.59, 0.46, 0.145, 0.929, 0.38, 0.24, 0.255, 10
3, 0.46, 0.35, 0.11, 0.4, 0.176, 0.083, 0.1205, 7
2, 0.72, 0.575, 0.215, 2.226, 0.8955, 0.405, 0.62, 13
1, 0.61, 0.47, 0.165, 1.052, 0.498, 0.242, 0.267, 9
1, 0.31, 0.225, 0.075, 0.1295, 0.0455, 0.0335, 0.044, 9
2, 0.57, 0.445, 0.145, 0.8775, 0.412, 0.217, 0.22, 8
3, 0.55, 0.42, 0.135, 0.816, 0.3995, 0.1485, 0.23, 12
2, 0.725, 0.58, 0.185, 1.523, 0.8045, 0.3595, 0.4375, 9
1, 0.59, 0.435, 0.165, 0.9765, 0.4525, 0.2395, 0.235, 9
3, 0.565, 0.435, 0.145, 0.8445, 0.3975, 0.158, 0.255, 9
1, 0.63, 0.48, 0.165, 1.286, 0.604, 0.271, 0.35, 8
2, 0.58, 0.43, 0.17, 1.48, 0.6535, 0.324, 0.4155, 10
2, 0.51, 0.4, 0.13, 0.5735, 0.219, 0.1365, 0.195, 13
1, 0.61, 0.475, 0.155, 0.983, 0.4565, 0.228, 0.266, 10
1, 0.42, 0.34, 0.125, 0.4495, 0.165, 0.1125, 0.144, 11
2, 0.475, 0.375, 0.14, 0.501, 0.192, 0.1175, 0.175, 13
2, 0.57, 0.45, 0.18, 0.908, 0.4015, 0.217, 0.255, 9
1, 0.65, 0.505, 0.18, 1.469, 0.7115, 0.3335, 0.38, 9
2, 0.59, 0.46, 0.16, 1.0115, 0.445, 0.2615, 0.2565, 8
1, 0.585, 0.455, 0.14, 0.97, 0.462, 0.185, 0.295, 9
1, 0.475, 0.375, 0.125, 0.593, 0.277, 0.115, 0.18, 10
2, 0.595, 0.475, 0.16, 1.1405, 0.547, 0.231, 0.271, 6
3, 0.28, 0.21, 0.085, 0.1075, 0.0415, 0.024, 0.034, 5
1, 0.625, 0.495, 0.18, 1.0815, 0.4715, 0.254, 0.3135, 10
2, 0.6, 0.46, 0.15, 1.235, 0.6025, 0.274, 0.29, 8
2, 0.42, 0.33, 0.125, 0.463, 0.186, 0.11, 0.145, 10
2, 0.53, 0.425, 0.13, 0.7585, 0.325, 0.197, 0.205, 8
1, 0.5, 0.37, 0.15, 1.0615, 0.494, 0.223, 0.296, 9
2, 0.585, 0.455, 0.13, 0.8755, 0.411, 0.2065, 0.225, 8
2, 0.43, 0.35, 0.09, 0.397, 0.1575, 0.089, 0.12, 9
2, 0.72, 0.55, 0.2, 1.9965, 0.9035, 0.469, 0.5215, 10
1, 0.655, 0.49, 0.175, 1.3585, 0.6395, 0.294, 0.365, 10
2, 0.625, 0.49, 0.145, 0.92, 0.437, 0.1735, 0.28, 10
2, 0.675, 0.525, 0.17, 1.8095, 0.784, 0.391, 0.455, 12
2, 0.53, 0.4, 0.165, 0.772, 0.2855, 0.1975, 0.23, 12
2, 0.58, 0.5, 0.165, 0.925, 0.37, 0.185, 0.3005, 10
2, 0.6, 0.475, 0.155, 1.059, 0.441, 0.19, 0.39, 11
2, 0.655, 0.515, 0.155, 1.309, 0.524, 0.346, 0.385, 11
1, 0.485, 0.37, 0.14, 0.5725, 0.204, 0.1415, 0.175, 10
1, 0.47, 0.36, 0.135, 0.501, 0.1665, 0.115, 0.165, 10
1, 0.49, 0.39, 0.15, 0.573, 0.225, 0.124, 0.17, 21
1, 0.65, 0.525, 0.19, 1.6125, 0.777, 0.3685, 0.3965, 11
2, 0.585, 0.46, 0.165, 1.058, 0.486, 0.25, 0.294, 9
1, 0.55, 0.44, 0.135, 0.879, 0.368, 0.2095, 0.265, 10
3, 0.575, 0.45, 0.125, 0.78, 0.3275, 0.188, 0.235, 9
2, 0.485, 0.365, 0.15, 0.9145, 0.4145, 0.199, 0.273, 7
2, 0.625, 0.48, 0.17, 1.3525, 0.6235, 0.278, 0.365, 10
2, 0.58, 0.465, 0.165, 1.1015, 0.404, 0.2095, 0.35, 11
3, 0.47, 0.385, 0.13, 0.587, 0.264, 0.117, 0.174, 8
1, 0.445, 0.355, 0.11, 0.4415, 0.1805, 0.1035, 0.1505, 10
2, 0.625, 0.5, 0.175, 1.273, 0.564, 0.302, 0.374, 9
1, 0.33, 0.25, 0.09, 0.197, 0.085, 0.041, 0.0605, 10
3, 0.455, 0.345, 0.11, 0.434, 0.207, 0.0855, 0.1215, 8
3, 0.2, 0.15, 0.04, 0.046, 0.021, 0.007, 0.0065, 4
1, 0.65, 0.545, 0.16, 1.2425, 0.487, 0.296, 0.48, 15
1, 0.72, 0.55, 0.205, 2.165, 1.1055, 0.525, 0.404, 10
1, 0.505, 0.385, 0.115, 0.4825, 0.21, 0.1035, 0.1535, 10
1, 0.45, 0.355, 0.115, 0.478, 0.18, 0.1185, 0.155, 10
1, 0.47, 0.37, 0.105, 0.4665, 0.2025, 0.1015, 0.155, 10
3, 0.67, 0.485, 0.175, 1.2565, 0.5355, 0.322, 0.386, 9
2, 0.585, 0.475, 0.165, 1.053, 0.458, 0.217, 0.3, 11
3, 0.525, 0.38, 0.135, 0.615, 0.261, 0.159, 0.175, 8
1, 0.65, 0.51, 0.175, 1.446, 0.6485, 0.2705, 0.45, 12
3, 0.49, 0.385, 0.115, 0.683, 0.3265, 0.1615, 0.165, 13
1, 0.325, 0.23, 0.09, 0.147, 0.06, 0.034, 0.045, 4
2, 0.535, 0.445, 0.125, 0.8725, 0.417, 0.199, 0.24, 8
2, 0.515, 0.425, 0.135, 0.712, 0.2665, 0.1605, 0.25, 11
3, 0.45, 0.33, 0.105, 0.448, 0.208, 0.089, 0.12, 9
1, 0.28, 0.205, 0.1, 0.1165, 0.0545, 0.0285, 0.03, 5
3, 0.575, 0.455, 0.16, 0.9895, 0.495, 0.195, 0.246, 9
2, 0.65, 0.51, 0.185, 1.375, 0.531, 0.384, 0.3985, 10
1, 0.57, 0.435, 0.125, 0.8965, 0.383, 0.1835, 0.275, 9
1, 0.46, 0.365, 0.125, 0.467, 0.1895, 0.0945, 0.158, 10
2, 0.655, 0.51, 0.15, 1.043, 0.4795, 0.223, 0.305, 9
1, 0.555, 0.4, 0.13, 0.7075, 0.332, 0.1585, 0.18, 7
2, 0.545, 0.415, 0.2, 1.358, 0.567, 0.318, 0.403, 10
2, 0.68, 0.5, 0.185, 1.741, 0.7665, 0.3255, 0.4685, 12
1, 0.52, 0.395, 0.125, 0.8115, 0.4035, 0.166, 0.2, 7
1, 0.67, 0.525, 0.2, 1.7405, 0.6205, 0.297, 0.657, 11
2, 0.625, 0.49, 0.19, 1.7015, 0.7465, 0.4105, 0.3855, 11
3, 0.335, 0.245, 0.09, 0.1665, 0.0595, 0.04, 0.06, 6
2, 0.565, 0.445, 0.155, 0.826, 0.341, 0.2055, 0.2475, 10
1, 0.525, 0.425, 0.12, 0.702, 0.3335, 0.1465, 0.22, 12
1, 0.6, 0.475, 0.15, 0.99, 0.386, 0.2195, 0.3105, 10
3, 0.31, 0.235, 0.09, 0.127, 0.048, 0.031, 0.04, 6
2, 0.47, 0.375, 0.125, 0.5615, 0.252, 0.137, 0.18, 10
1, 0.585, 0.46, 0.15, 1.206, 0.581, 0.216, 0.323, 10
3, 0.27, 0.19, 0.06, 0.099, 0.0445, 0.017, 0.03, 5
2, 0.64, 0.5, 0.15, 1.0705, 0.371, 0.2705, 0.36, 8
3, 0.385, 0.295, 0.085, 0.2535, 0.103, 0.0575, 0.085, 7
2, 0.67, 0.505, 0.175, 1.0145, 0.4375, 0.271, 0.3745, 10
2, 0.61, 0.475, 0.16, 1.1155, 0.3835, 0.223, 0.379, 10
3, 0.37, 0.285, 0.095, 0.226, 0.1135, 0.0515, 0.0675, 8
3, 0.385, 0.29, 0.08, 0.2485, 0.122, 0.0495, 0.065, 7
1, 0.355, 0.26, 0.085, 0.1905, 0.081, 0.0485, 0.055, 6
3, 0.245, 0.195, 0.06, 0.095, 0.0445, 0.0245, 0.026, 4
3, 0.365, 0.27, 0.085, 0.2225, 0.0935, 0.0525, 0.066, 7
1, 0.655, 0.58, 0.205, 2.0805, 0.959, 0.3415, 0.601, 17
1, 0.665, 0.505, 0.16, 1.289, 0.6145, 0.253, 0.3665, 11
1, 0.54, 0.415, 0.13, 0.8245, 0.272, 0.226, 0.24, 13
1, 0.465, 0.35, 0.12, 0.5205, 0.2015, 0.1625, 0.185, 11
1, 0.59, 0.465, 0.155, 1.136, 0.5245, 0.2615, 0.275, 11
3, 0.57, 0.44, 0.13, 0.7665, 0.347, 0.1785, 0.202, 10
1, 0.635, 0.5, 0.18, 1.154, 0.4405, 0.2315, 0.387, 9
2, 0.61, 0.495, 0.185, 1.153, 0.536, 0.2905, 0.245, 8
2, 0.635, 0.5, 0.175, 1.477, 0.684, 0.3005, 0.39, 12
1, 0.445, 0.35, 0.115, 0.3615, 0.1565, 0.0695, 0.117, 8
3, 0.45, 0.34, 0.12, 0.4925, 0.241, 0.1075, 0.12, 6
1, 0.415, 0.32, 0.1, 0.3005, 0.1215, 0.0575, 0.104, 11
2, 0.585, 0.475, 0.185, 0.8575, 0.3465, 0.1785, 0.275, 12
1, 0.495, 0.385, 0.135, 0.6335, 0.2, 0.1225, 0.26, 14
1, 0.575, 0.47, 0.165, 0.853, 0.292, 0.179, 0.35, 16
3, 0.57, 0.45, 0.135, 0.794, 0.3815, 0.1415, 0.245, 8
2, 0.565, 0.44, 0.16, 0.915, 0.354, 0.1935, 0.32, 12
2, 0.495, 0.37, 0.12, 0.594, 0.28, 0.11, 0.1375, 7
3, 0.56, 0.445, 0.155, 0.8735, 0.3005, 0.209, 0.275, 16
3, 0.365, 0.265, 0.085, 0.213, 0.0945, 0.049, 0.06, 7
3, 0.33, 0.205, 0.095, 0.1595, 0.077, 0.032, 0.0435, 5
3, 0.38, 0.275, 0.095, 0.2505, 0.0945, 0.0655, 0.075, 6
1, 0.555, 0.425, 0.15, 0.873, 0.4625, 0.1845, 0.1965, 9
2, 0.725, 0.565, 0.21, 2.1425, 1.03, 0.487, 0.503, 14
3, 0.4, 0.31, 0.115, 0.314, 0.1545, 0.0595, 0.087, 6
3, 0.475, 0.36, 0.135, 0.4355, 0.196, 0.0925, 0.125, 8
2, 0.46, 0.375, 0.12, 0.4605, 0.1775, 0.11, 0.15, 7
3, 0.44, 0.33, 0.135, 0.522, 0.17, 0.0905, 0.195, 16
2, 0.49, 0.38, 0.125, 0.549, 0.245, 0.1075, 0.174, 10
1, 0.53, 0.41, 0.165, 0.732, 0.189, 0.17, 0.31, 11
1, 0.51, 0.39, 0.135, 0.769, 0.3935, 0.1455, 0.19, 8
2, 0.585, 0.455, 0.165, 0.998, 0.345, 0.2495, 0.315, 12
3, 0.15, 0.1, 0.025, 0.015, 0.0045, 0.004, 0.005, 2
3, 0.465, 0.37, 0.1, 0.5055, 0.234, 0.11, 0.14, 7
3, 0.5, 0.395, 0.14, 0.6215, 0.2925, 0.1205, 0.195, 9
1, 0.59, 0.455, 0.155, 0.8855, 0.388, 0.188, 0.275, 10
1, 0.59, 0.47, 0.18, 1.187, 0.5985, 0.227, 0.31, 9
3, 0.42, 0.325, 0.125, 0.3915, 0.1575, 0.1025, 0.115, 9
3, 0.275, 0.215, 0.075, 0.1155, 0.0485, 0.029, 0.035, 7
3, 0.525, 0.43, 0.15, 0.7365, 0.3225, 0.161, 0.215, 11
1, 0.54, 0.42, 0.135, 0.8075, 0.3485, 0.1795, 0.235, 11
3, 0.325, 0.24, 0.075, 0.152, 0.065, 0.0305, 0.045, 6
2, 0.545, 0.435, 0.15, 0.6855, 0.2905, 0.145, 0.225, 10
2, 0.44, 0.345, 0.105, 0.4285, 0.165, 0.083, 0.132, 11
1, 0.52, 0.435, 0.195, 0.973, 0.2985, 0.2135, 0.355, 18
3, 0.52, 0.4, 0.11, 0.597, 0.2935, 0.1155, 0.16, 8
3, 0.485, 0.375, 0.125, 0.562, 0.2505, 0.1345, 0.1525, 8
2, 0.735, 0.6, 0.22, 2.555, 1.1335, 0.44, 0.6, 11
1, 0.605, 0.475, 0.175, 1.201, 0.5395, 0.275, 0.309, 10
3, 0.23, 0.165, 0.06, 0.0515, 0.019, 0.0145, 0.036, 4
3, 0.485, 0.37, 0.115, 0.457, 0.1885, 0.0965, 0.15, 9
1, 0.66, 0.52, 0.19, 1.558, 0.755, 0.298, 0.4, 10
1, 0.5, 0.39, 0.135, 0.7815, 0.361, 0.1575, 0.2385, 9
1, 0.475, 0.375, 0.13, 0.5175, 0.2075, 0.1165, 0.17, 10
3, 0.57, 0.44, 0.15, 0.755, 0.3425, 0.16, 0.224, 8
1, 0.255, 0.18, 0.065, 0.079, 0.034, 0.014, 0.025, 5
1, 0.475, 0.395, 0.135, 0.592, 0.2465, 0.1645, 0.2, 13
1, 0.66, 0.515, 0.155, 1.4415, 0.7055, 0.3555, 0.335, 10
1, 0.545, 0.45, 0.15, 0.978, 0.3365, 0.1905, 0.3, 11
1, 0.57, 0.405, 0.16, 0.9245, 0.3445, 0.2185, 0.295, 19
2, 0.525, 0.41, 0.15, 0.708, 0.274, 0.151, 0.25, 12
3, 0.61, 0.465, 0.125, 0.9225, 0.436, 0.19, 0.26, 9
1, 0.465, 0.36, 0.125, 0.4365, 0.169, 0.1075, 0.145, 11
2, 0.595, 0.46, 0.14, 1.0045, 0.4655, 0.2095, 0.2515, 9
3, 0.275, 0.205, 0.075, 0.1105, 0.045, 0.0285, 0.035, 6
2, 0.44, 0.35, 0.125, 0.4035, 0.175, 0.063, 0.129, 9
3, 0.355, 0.265, 0.085, 0.2435, 0.122, 0.0525, 0.06, 6
1, 0.575, 0.46, 0.155, 0.892, 0.4415, 0.176, 0.22, 10
2, 0.625, 0.475, 0.13, 0.8595, 0.3195, 0.1775, 0.24, 13
3, 0.405, 0.305, 0.1, 0.268, 0.1145, 0.053, 0.085, 7
2, 0.585, 0.465, 0.14, 0.908, 0.381, 0.1615, 0.315, 13
2, 0.6, 0.45, 0.15, 0.9625, 0.4375, 0.2225, 0.2775, 9
3, 0.415, 0.335, 0.1, 0.358, 0.169, 0.067, 0.105, 7
2, 0.665, 0.51, 0.175, 1.3805, 0.675, 0.2985, 0.325, 10
2, 0.72, 0.575, 0.215, 2.1, 0.8565, 0.4825, 0.602, 12
1, 0.7, 0.58, 0.205, 2.13, 0.7415, 0.49, 0.58, 20
1, 0.72, 0.575, 0.215, 2.173, 0.9515, 0.564, 0.5365, 12
1, 0.5, 0.4, 0.13, 0.7715, 0.37, 0.16, 0.211, 8
2, 0.74, 0.575, 0.22, 2.012, 0.8915, 0.5265, 0.471, 12
1, 0.475, 0.355, 0.125, 0.4625, 0.186, 0.107, 0.145, 9
1, 0.465, 0.36, 0.13, 0.5265, 0.2105, 0.1185, 0.165, 10
1, 0.66, 0.535, 0.19, 1.5905, 0.6425, 0.297, 0.5175, 9
1, 0.49, 0.385, 0.125, 0.649, 0.32, 0.124, 0.1695, 8
1, 0.67, 0.525, 0.18, 1.4915, 0.728, 0.343, 0.381, 9
2, 0.715, 0.565, 0.24, 2.1995, 0.7245, 0.465, 0.885, 17
2, 0.65, 0.565, 0.2, 1.6645, 0.753, 0.367, 0.43, 12
2, 0.4, 0.32, 0.11, 0.353, 0.1405, 0.0985, 0.1, 8
2, 0.6, 0.465, 0.15, 1.1025, 0.5455, 0.262, 0.25, 8
1, 0.6, 0.485, 0.175, 1.2675, 0.4995, 0.2815, 0.38, 13
1, 0.545, 0.46, 0.16, 0.8975, 0.341, 0.1655, 0.345, 10
1, 0.6, 0.48, 0.155, 1.014, 0.451, 0.1885, 0.325, 11
1, 0.575, 0.445, 0.16, 0.839, 0.4005, 0.198, 0.239, 9
2, 0.56, 0.45, 0.16, 1.0235, 0.429, 0.268, 0.3, 10
1, 0.59, 0.465, 0.135, 0.9895, 0.4235, 0.199, 0.28, 8
3, 0.395, 0.32, 0.1, 0.3075, 0.149, 0.0535, 0.09, 8
3, 0.365, 0.255, 0.08, 0.1985, 0.0785, 0.0345, 0.053, 5
1, 0.7, 0.55, 0.195, 1.6245, 0.675, 0.347, 0.535, 13
2, 0.71, 0.55, 0.17, 1.614, 0.743, 0.345, 0.45, 11
1, 0.595, 0.47, 0.155, 1.2015, 0.492, 0.3865, 0.265, 10
1, 0.7, 0.545, 0.215, 1.9125, 0.8825, 0.4385, 0.506, 10
1, 0.615, 0.47, 0.175, 1.242, 0.5675, 0.287, 0.317, 11
2, 0.51, 0.375, 0.11, 0.5805, 0.2865, 0.118, 0.148, 7
2, 0.675, 0.53, 0.195, 1.4985, 0.62, 0.375, 0.425, 9
1, 0.555, 0.435, 0.145, 0.9205, 0.404, 0.2275, 0.255, 8
3, 0.335, 0.25, 0.08, 0.167, 0.0675, 0.0325, 0.0575, 6
1, 0.595, 0.46, 0.14, 0.852, 0.4215, 0.2255, 0.227, 9
1, 0.695, 0.56, 0.185, 1.74, 0.885, 0.3715, 0.4375, 10
3, 0.48, 0.39, 0.145, 0.5825, 0.2315, 0.121, 0.255, 15
2, 0.615, 0.455, 0.135, 1.059, 0.4735, 0.263, 0.274, 9
3, 0.475, 0.35, 0.12, 0.4905, 0.2035, 0.13, 0.135, 7
2, 0.545, 0.44, 0.15, 0.9475, 0.366, 0.239, 0.275, 8
1, 0.55, 0.45, 0.175, 1.0985, 0.3765, 0.215, 0.4, 14
1, 0.175, 0.125, 0.04, 0.024, 0.0095, 0.006, 0.005, 4
3, 0.48, 0.355, 0.11, 0.4495, 0.201, 0.089, 0.14, 8
2, 0.53, 0.455, 0.165, 0.9805, 0.3155, 0.2815, 0.2965, 11
3, 0.335, 0.245, 0.09, 0.2015, 0.096, 0.0405, 0.048, 7
3, 0.525, 0.415, 0.12, 0.596, 0.2805, 0.12, 0.1695, 9
3, 0.43, 0.32, 0.1, 0.3465, 0.1635, 0.08, 0.09, 7
1, 0.62, 0.49, 0.155, 1.1, 0.505, 0.2475, 0.31, 9
2, 0.58, 0.455, 0.155, 0.8365, 0.315, 0.1385, 0.32, 18
3, 0.53, 0.415, 0.11, 0.5745, 0.2525, 0.1235, 0.189, 9
1, 0.5, 0.4, 0.145, 0.6025, 0.216, 0.138, 0.21, 11
1, 0.595, 0.5, 0.165, 1.06, 0.402, 0.28, 0.275, 11
2, 0.58, 0.455, 0.16, 0.9215, 0.312, 0.196, 0.3, 17
3, 0.575, 0.44, 0.15, 0.983, 0.486, 0.215, 0.239, 8
1, 0.445, 0.345, 0.09, 0.3795, 0.143, 0.074, 0.125, 10
3, 0.55, 0.43, 0.145, 0.712, 0.3025, 0.152, 0.225, 10
1, 0.61, 0.48, 0.17, 1.137, 0.4565, 0.29, 0.347, 10
2, 0.585, 0.46, 0.15, 1.0035, 0.503, 0.2105, 0.2515, 11
3, 0.495, 0.375, 0.12, 0.614, 0.2855, 0.1365, 0.161, 8
1, 0.44, 0.325, 0.08, 0.413, 0.144, 0.1015, 0.13, 8
3, 0.42, 0.32, 0.11, 0.3625, 0.174, 0.0635, 0.105, 7
2, 0.55, 0.41, 0.145, 0.8285, 0.3095, 0.1905, 0.25, 13
1, 0.56, 0.435, 0.18, 0.889, 0.36, 0.204, 0.25, 11
3, 0.48, 0.37, 0.125, 0.5435, 0.244, 0.101, 0.165, 9
1, 0.595, 0.455, 0.15, 1.044, 0.518, 0.2205, 0.27, 9
3, 0.505, 0.38, 0.12, 0.594, 0.2595, 0.1435, 0.18, 7
3, 0.275, 0.22, 0.08, 0.1365, 0.0565, 0.0285, 0.042, 6
1, 0.45, 0.325, 0.115, 0.4305, 0.2235, 0.0785, 0.1155, 8
1, 0.745, 0.575, 0.2, 1.884, 0.954, 0.336, 0.495, 12
3, 0.46, 0.36, 0.105, 0.466, 0.2225, 0.099, 0.11, 7
3, 0.52, 0.4, 0.13, 0.5825, 0.233, 0.1365, 0.18, 10
1, 0.55, 0.45, 0.17, 0.81, 0.317, 0.157, 0.22, 11
3, 0.39, 0.3, 0.1, 0.2665, 0.1105, 0.059, 0.084, 7
3, 0.445, 0.31, 0.09, 0.336, 0.1555, 0.09, 0.0855, 7
2, 0.645, 0.51, 0.2, 1.5675, 0.621, 0.367, 0.46, 12
1, 0.53, 0.41, 0.125, 0.769, 0.346, 0.173, 0.215, 9
1, 0.495, 0.375, 0.155, 0.976, 0.45, 0.2285, 0.2475, 9
2, 0.675, 0.555, 0.205, 1.925, 0.713, 0.358, 0.4535, 13
2, 0.64, 0.525, 0.215, 1.779, 0.4535, 0.2855, 0.55, 22
2, 0.65, 0.51, 0.17, 1.567, 0.7245, 0.349, 0.391, 10
2, 0.495, 0.4, 0.155, 0.6445, 0.242, 0.1325, 0.205, 17
2, 0.65, 0.5, 0.17, 1.4045, 0.694, 0.318, 0.3235, 11
3, 0.515, 0.4, 0.14, 0.7165, 0.3495, 0.1595, 0.1785, 8
1, 0.645, 0.485, 0.215, 1.514, 0.546, 0.2615, 0.635, 16
2, 0.57, 0.455, 0.15, 1.107, 0.54, 0.255, 0.27, 8
3, 0.555, 0.425, 0.18, 0.875, 0.3695, 0.2005, 0.255, 11
1, 0.57, 0.44, 0.145, 0.8815, 0.3605, 0.1955, 0.2735, 10
3, 0.24, 0.185, 0.07, 0.0715, 0.026, 0.018, 0.025, 6
1, 0.46, 0.345, 0.12, 0.4935, 0.2435, 0.1175, 0.132, 8
3, 0.575, 0.445, 0.16, 0.9175, 0.45, 0.1935, 0.24, 9
1, 0.455, 0.365, 0.095, 0.514, 0.2245, 0.101, 0.15, 15
1, 0.69, 0.515, 0.18, 1.8445, 0.9815, 0.4655, 0.341, 13
2, 0.465, 0.35, 0.115, 0.421, 0.1565, 0.091, 0.1345, 9
3, 0.48, 0.35, 0.105, 0.635, 0.352, 0.127, 0.135, 6
2, 0.61, 0.485, 0.17, 1.1005, 0.5125, 0.229, 0.305, 11
3, 0.43, 0.34, 0.11, 0.3645, 0.159, 0.0855, 0.105, 7
3, 0.575, 0.45, 0.17, 0.9315, 0.358, 0.2145, 0.26, 13
3, 0.33, 0.26, 0.08, 0.19, 0.0765, 0.0385, 0.065, 7
3, 0.45, 0.35, 0.14, 0.474, 0.21, 0.109, 0.1275, 16
3, 0.36, 0.275, 0.075, 0.2205, 0.0985, 0.044, 0.066, 7
1, 0.59, 0.455, 0.16, 1.09, 0.5, 0.2215, 0.292, 9
3, 0.275, 0.205, 0.07, 0.1055, 0.495, 0.019, 0.0315, 5
2, 0.635, 0.495, 0.195, 1.297, 0.556, 0.2985, 0.37, 11
1, 0.355, 0.265, 0.085, 0.201, 0.069, 0.053, 0.0695, 8
3, 0.455, 0.335, 0.135, 0.501, 0.274, 0.0995, 0.1065, 7
2, 0.67, 0.53, 0.225, 1.5615, 0.63, 0.487, 0.3725, 11
1, 0.72, 0.565, 0.19, 2.081, 1.0815, 0.4305, 0.503, 11
3, 0.445, 0.36, 0.11, 0.4235, 0.182, 0.0765, 0.14, 9
3, 0.5, 0.395, 0.145, 0.7865, 0.332, 0.1815, 0.2455, 8
1, 0.55, 0.43, 0.16, 0.9295, 0.317, 0.1735, 0.355, 13
2, 0.37, 0.275, 0.1, 0.2225, 0.093, 0.026, 0.08, 8
2, 0.66, 0.53, 0.17, 1.326, 0.519, 0.2625, 0.44, 13
2, 0.62, 0.485, 0.175, 1.271, 0.531, 0.3075, 0.37, 11
3, 0.51, 0.4, 0.125, 0.5935, 0.239, 0.13, 0.204, 8
2, 0.51, 0.4, 0.12, 0.7005, 0.347, 0.1105, 0.195, 10
1, 0.69, 0.55, 0.195, 1.777, 0.769, 0.38, 0.4305, 11
2, 0.64, 0.51, 0.165, 1.486, 0.7595, 0.332, 0.321, 8
2, 0.52, 0.405, 0.125, 0.6435, 0.2415, 0.1735, 0.21, 12
2, 0.37, 0.295, 0.1, 0.2685, 0.1165, 0.056, 0.0835, 7
1, 0.705, 0.565, 0.515, 2.21, 1.1075, 0.4865, 0.512, 10
1, 0.68, 0.54, 0.21, 1.7885, 0.8345, 0.408, 0.437, 13
3, 0.33, 0.23, 0.085, 0.1695, 0.079, 0.026, 0.0505, 6
3, 0.31, 0.215, 0.075, 0.1275, 0.0565, 0.0275, 0.036, 7
3, 0.55, 0.445, 0.125, 0.672, 0.288, 0.1365, 0.21, 11
1, 0.395, 0.295, 0.115, 0.316, 0.1205, 0.0595, 0.1105, 12
1, 0.71, 0.54, 0.165, 1.959, 0.7665, 0.261, 0.78, 18
2, 0.665, 0.54, 0.195, 1.764, 0.8505, 0.3615, 0.47, 11
2, 0.485, 0.375, 0.135, 0.556, 0.1925, 0.1315, 0.1685, 10
2, 0.68, 0.56, 0.195, 1.7775, 0.861, 0.322, 0.415, 11
1, 0.59, 0.465, 0.165, 1.115, 0.5165, 0.273, 0.275, 10
3, 0.48, 0.37, 0.12, 0.536, 0.251, 0.114, 0.15, 8
1, 0.59, 0.45, 0.155, 0.874, 0.369, 0.2135, 0.24, 8
1, 0.55, 0.43, 0.18, 0.8265, 0.4405, 0.159, 0.225, 10
2, 0.55, 0.425, 0.125, 0.964, 0.5475, 0.159, 0.215, 8
3, 0.515, 0.4, 0.135, 0.6965, 0.32, 0.1255, 0.175, 9
2, 0.52, 0.41, 0.155, 0.727, 0.291, 0.1835, 0.235, 12
1, 0.51, 0.38, 0.135, 0.681, 0.3435, 0.142, 0.17, 9
1, 0.6, 0.475, 0.175, 1.3445, 0.549, 0.2875, 0.36, 11
1, 0.595, 0.465, 0.175, 1.115, 0.4015, 0.254, 0.39, 13
3, 0.435, 0.34, 0.11, 0.3795, 0.1495, 0.085, 0.12, 8
1, 0.725, 0.57, 0.19, 2.55, 1.0705, 0.483, 0.725, 14
3, 0.555, 0.435, 0.145, 0.6975, 0.262, 0.1575, 0.24, 11
3, 0.46, 0.34, 0.1, 0.386, 0.1805, 0.0875, 0.0965, 8
3, 0.2, 0.145, 0.05, 0.036, 0.0125, 0.008, 0.011, 4
2, 0.58, 0.475, 0.165, 1.0385, 0.414, 0.26, 0.305, 13
1, 0.48, 0.37, 0.135, 0.6315, 0.3445, 0.1015, 0.161, 7
1, 0.555, 0.425, 0.13, 0.7665, 0.264, 0.168, 0.275, 13
1, 0.615, 0.485, 0.215, 0.9615, 0.422, 0.176, 0.29, 11
3, 0.405, 0.3, 0.11, 0.32, 0.172, 0.044, 0.093, 7
1, 0.59, 0.46, 0.155, 0.906, 0.327, 0.1485, 0.335, 15
1, 0.525, 0.41, 0.13, 0.6875, 0.3435, 0.1495, 0.1765, 9
2, 0.6, 0.5, 0.155, 1.332, 0.6235, 0.2835, 0.35, 8
3, 0.59, 0.475, 0.145, 0.9745, 0.4675, 0.207, 0.259, 10
1, 0.53, 0.425, 0.13, 0.702, 0.2975, 0.1395, 0.22, 9
1, 0.485, 0.39, 0.12, 0.599, 0.251, 0.1345, 0.169, 8
3, 0.4, 0.315, 0.09, 0.3245, 0.151, 0.073, 0.088, 8
3, 0.275, 0.205, 0.08, 0.096, 0.036, 0.0185, 0.03, 6
2, 0.625, 0.485, 0.19, 1.1745, 0.4385, 0.2305, 0.42, 17
1, 0.53, 0.42, 0.165, 0.8945, 0.319, 0.239, 0.245, 11
1, 0.65, 0.485, 0.14, 1.175, 0.475, 0.2435, 0.215, 8
1, 0.65, 0.515, 0.18, 1.463, 0.658, 0.3135, 0.4115, 11
3, 0.39, 0.3, 0.09, 0.252, 0.1065, 0.053, 0.08, 7
2, 0.53, 0.425, 0.17, 0.949, 0.3485, 0.2395, 0.278, 17
3, 0.55, 0.43, 0.145, 0.7895, 0.3745, 0.171, 0.223, 11
2, 0.615, 0.515, 0.17, 1.14, 0.4305, 0.2245, 0.42, 16
3, 0.44, 0.35, 0.135, 0.435, 0.1815, 0.083, 0.125, 12
2, 0.71, 0.575, 0.175, 1.555, 0.6465, 0.3705, 0.52, 15
3, 0.27, 0.195, 0.065, 0.1065, 0.0475, 0.0225, 0.0285, 5
3, 0.575, 0.475, 0.17, 0.967, 0.3775, 0.284, 0.275, 13
3, 0.31, 0.225, 0.075, 0.155, 0.065, 0.037, 0.0365, 6
3, 0.615, 0.46, 0.19, 1.066, 0.4335, 0.226, 0.33, 13
2, 0.695, 0.53, 0.2, 2.0475, 0.75, 0.4195, 0.6095, 14
3, 0.56, 0.445, 0.15, 0.8225, 0.3685, 0.187, 0.236, 10
2, 0.55, 0.435, 0.17, 0.884, 0.2875, 0.1645, 0.28, 14
3, 0.495, 0.33, 0.1, 0.44, 0.177, 0.095, 0.15, 7
3, 0.35, 0.255, 0.09, 0.1785, 0.0855, 0.0305, 0.0525, 8
2, 0.72, 0.58, 0.195, 2.103, 1.0265, 0.48, 0.5375, 10
1, 0.53, 0.41, 0.14, 0.7545, 0.3495, 0.1715, 0.2105, 8
2, 0.47, 0.36, 0.1, 0.4705, 0.1635, 0.089, 0.1385, 8
2, 0.47, 0.355, 0.1, 0.4755, 0.1675, 0.0805, 0.185, 10
2, 0.645, 0.49, 0.215, 1.406, 0.4265, 0.2285, 0.51, 25
3, 0.27, 0.195, 0.06, 0.073, 0.0285, 0.0235, 0.03, 5
3, 0.185, 0.135, 0.04, 0.027, 0.0105, 0.0055, 0.009, 5
2, 0.53, 0.43, 0.15, 0.741, 0.325, 0.1855, 0.196, 9
1, 0.57, 0.435, 0.17, 0.873, 0.382, 0.183, 0.2705, 10
1, 0.725, 0.565, 0.215, 1.891, 0.6975, 0.4725, 0.58, 16
1, 0.425, 0.33, 0.13, 0.4405, 0.152, 0.0935, 0.155, 9
1, 0.475, 0.375, 0.12, 0.563, 0.2525, 0.1205, 0.185, 10
1, 0.675, 0.555, 0.2, 1.4385, 0.545, 0.2665, 0.465, 21
3, 0.56, 0.44, 0.17, 0.9445, 0.3545, 0.2175, 0.3, 12
2, 0.325, 0.26, 0.09, 0.1915, 0.085, 0.036, 0.062, 7
2, 0.485, 0.39, 0.1, 0.5565, 0.2215, 0.1155, 0.185, 9
3, 0.535, 0.4, 0.13, 0.657, 0.2835, 0.162, 0.175, 7
1, 0.505, 0.39, 0.12, 0.653, 0.3315, 0.1385, 0.167, 9
3, 0.235, 0.175, 0.04, 0.0705, 0.0335, 0.015, 0.02, 5
3, 0.52, 0.41, 0.145, 0.646, 0.2965, 0.1595, 0.165, 9
3, 0.435, 0.325, 0.12, 0.346, 0.159, 0.084, 0.095, 7
3, 0.49, 0.385, 0.12, 0.591, 0.271, 0.1125, 0.1775, 9
3, 0.52, 0.41, 0.14, 0.6625, 0.2775, 0.1555, 0.196, 11
2, 0.68, 0.56, 0.165, 1.639, 0.6055, 0.2805, 0.46, 15
3, 0.4, 0.265, 0.1, 0.2775, 0.1245, 0.0605, 0.08, 9
2, 0.525, 0.415, 0.14, 0.724, 0.3475, 0.173, 0.175, 8
3, 0.49, 0.38, 0.12, 0.529, 0.2165, 0.139, 0.155, 11
3, 0.435, 0.34, 0.11, 0.407, 0.1685, 0.073, 0.13, 10
2, 0.565, 0.45, 0.175, 1.0095, 0.447, 0.2375, 0.2645, 9
3, 0.3, 0.23, 0.085, 0.117, 0.05, 0.0175, 0.0415, 6
2, 0.525, 0.41, 0.135, 0.7905, 0.4065, 0.198, 0.177, 8
3, 0.415, 0.32, 0.11, 0.3735, 0.175, 0.0755, 0.109, 7
3, 0.425, 0.325, 0.11, 0.3335, 0.173, 0.045, 0.1, 7
3, 0.435, 0.335, 0.11, 0.411, 0.2025, 0.0945, 0.1, 7
1, 0.46, 0.36, 0.125, 0.547, 0.2165, 0.1105, 0.19, 8
2, 0.635, 0.495, 0.015, 1.1565, 0.5115, 0.308, 0.2885, 9
1, 0.66, 0.5, 0.165, 1.3195, 0.667, 0.269, 0.341, 9
1, 0.45, 0.335, 0.14, 0.4625, 0.164, 0.076, 0.15, 14
3, 0.5, 0.37, 0.12, 0.5445, 0.249, 0.1065, 0.152, 8
2, 0.625, 0.515, 0.155, 1.1635, 0.4875, 0.259, 0.355, 11
1, 0.635, 0.51, 0.185, 1.308, 0.544, 0.318, 0.377, 8
3, 0.42, 0.31, 0.095, 0.279, 0.1255, 0.051, 0.088, 6
3, 0.405, 0.3, 0.09, 0.2885, 0.138, 0.0635, 0.0765, 6
2, 0.635, 0.485, 0.165, 1.2945, 0.668, 0.2605, 0.2715, 9
2, 0.62, 0.465, 0.14, 1.011, 0.479, 0.2385, 0.255, 8
1, 0.655, 0.505, 0.165, 1.27, 0.6035, 0.262, 0.335, 10
3, 0.375, 0.26, 0.08, 0.2075, 0.09, 0.0415, 0.07, 6
2, 0.54, 0.42, 0.14, 0.805, 0.369, 0.1725, 0.21, 11
1, 0.675, 0.505, 0.16, 1.532, 0.74, 0.357, 0.3815, 11
2, 0.565, 0.455, 0.175, 1.013, 0.342, 0.207, 0.35, 19
2, 0.645, 0.51, 0.19, 1.363, 0.573, 0.362, 0.36, 10
1, 0.56, 0.44, 0.14, 0.971, 0.443, 0.2045, 0.265, 14
1, 0.585, 0.46, 0.165, 1.1135, 0.5825, 0.2345, 0.274, 10
3, 0.535, 0.42, 0.145, 0.6885, 0.273, 0.1515, 0.237, 9
1, 0.59, 0.475, 0.145, 1.053, 0.4415, 0.262, 0.325, 15
2, 0.54, 0.415, 0.175, 0.8975, 0.275, 0.241, 0.275, 14
2, 0.69, 0.545, 0.205, 1.933, 0.7855, 0.429, 0.498, 13
1, 0.38, 0.235, 0.1, 0.258, 0.1055, 0.054, 0.08, 7
3, 0.465, 0.345, 0.11, 0.393, 0.1825, 0.0735, 0.12, 8
1, 0.65, 0.515, 0.125, 1.1805, 0.5235, 0.283, 0.3275, 9
3, 0.465, 0.325, 0.14, 0.7615, 0.362, 0.1535, 0.209, 10
3, 0.445, 0.345, 0.12, 0.4035, 0.169, 0.0825, 0.13, 7
3, 0.375, 0.28, 0.08, 0.226, 0.105, 0.047, 0.065, 6
1, 0.315, 0.25, 0.09, 0.203, 0.0615, 0.037, 0.0795, 11
2, 0.555, 0.435, 0.165, 0.97, 0.336, 0.2315, 0.295, 17
2, 0.52, 0.4, 0.13, 0.6245, 0.215, 0.2065, 0.17, 15
1, 0.57, 0.45, 0.135, 1.02, 0.546, 0.204, 0.25, 9
1, 0.555, 0.43, 0.165, 0.7575, 0.2735, 0.1635, 0.275, 13
3, 0.51, 0.405, 0.135, 0.769, 0.3655, 0.1585, 0.18, 7
2, 0.63, 0.485, 0.19, 1.2435, 0.4635, 0.3055, 0.39, 21
3, 0.495, 0.4, 0.145, 0.578, 0.2545, 0.1305, 0.1645, 8
1, 0.595, 0.49, 0.185, 1.185, 0.482, 0.2015, 0.361, 10
2, 0.625, 0.445, 0.16, 1.09, 0.46, 0.2965, 0.304, 11
1, 0.645, 0.515, 0.175, 1.6115, 0.6745, 0.384, 0.385, 14
3, 0.51, 0.395, 0.155, 0.5395, 0.2465, 0.1085, 0.167, 8
2, 0.69, 0.55, 0.18, 1.659, 0.8715, 0.2655, 0.4395, 9
1, 0.455, 0.35, 0.105, 0.401, 0.1575, 0.083, 0.135, 9
2, 0.38, 0.3, 0.09, 0.3215, 0.1545, 0.075, 0.095, 9
2, 0.47, 0.365, 0.12, 0.543, 0.2295, 0.1495, 0.15, 9
3, 0.22, 0.165, 0.055, 0.0545, 0.0215, 0.012, 0.02, 5
3, 0.3, 0.23, 0.095, 0.1385, 0.056, 0.0365, 0.037, 6
2, 0.625, 0.48, 0.155, 1.2035, 0.5865, 0.239, 0.3185, 12
