@relation abalone
@attribute Sex integer [1, 3]
@attribute Length real [0.075, 0.815]
@attribute Diameter real [0.055, 0.65]
@attribute Height real [0.0, 1.13]
@attribute Whole_weight real [0.0020, 2.8255]
@attribute Shucked_weight real [0.0010, 1.488]
@attribute Viscera_weight real [5.0E-4, 0.76]
@attribute Shell_weight real [0.0015, 1.005]
@attribute Rings integer [1, 29]
@inputs Sex, Length, Diameter, Height, Whole_weight, Shucked_weight, Viscera_weight, Shell_weight
@outputs Rings
@data
3, 0.36, 0.285, 0.105, 0.2415, 0.0915, 0.057, 0.075, 7
2, 0.61, 0.495, 0.16, 1.089, 0.469, 0.198, 0.384, 11
3, 0.42, 0.315, 0.115, 0.355, 0.1895, 0.065, 0.087, 6
2, 0.63, 0.495, 0.165, 1.3075, 0.599, 0.284, 0.315, 11
3, 0.405, 0.29, 0.09, 0.2825, 0.112, 0.075, 0.0815, 7
2, 0.46, 0.38, 0.13, 0.639, 0.3, 0.1525, 0.16, 11
3, 0.315, 0.235, 0.07, 0.149, 0.058, 0.0325, 0.047, 7
1, 0.595, 0.475, 0.165, 1.213, 0.621, 0.2435, 0.274, 9
2, 0.54, 0.42, 0.145, 0.8655, 0.4315, 0.163, 0.2175, 10
3, 0.35, 0.26, 0.09, 0.1765, 0.072, 0.0355, 0.0575, 7
3, 0.295, 0.225, 0.09, 0.1105, 0.0405, 0.0245, 0.032, 7
3, 0.385, 0.29, 0.09, 0.232, 0.0855, 0.0495, 0.08, 7
3, 0.635, 0.48, 0.2, 1.3655, 0.6255, 0.2595, 0.425, 16
1, 0.475, 0.37, 0.11, 0.4895, 0.2185, 0.107, 0.146, 8
2, 0.515, 0.39, 0.13, 0.5755, 0.1975, 0.13, 0.1845, 9
2, 0.655, 0.52, 0.19, 1.4545, 0.6, 0.3865, 0.383, 10
3, 0.39, 0.31, 0.105, 0.2665, 0.1185, 0.0525, 0.081, 8
1, 0.46, 0.35, 0.12, 0.515, 0.224, 0.108, 0.1565, 10
1, 0.55, 0.435, 0.11, 0.806, 0.3415, 0.203, 0.215, 9
1, 0.625, 0.52, 0.175, 1.4105, 0.691, 0.322, 0.3465, 10
2, 0.525, 0.415, 0.15, 0.7055, 0.329, 0.147, 0.199, 10
1, 0.55, 0.435, 0.145, 0.843, 0.328, 0.1915, 0.255, 15
1, 0.56, 0.45, 0.185, 1.07, 0.3805, 0.175, 0.41, 19
3, 0.415, 0.31, 0.09, 0.2815, 0.1245, 0.0615, 0.085, 6
1, 0.625, 0.495, 0.155, 1.025, 0.46, 0.1945, 0.34, 9
2, 0.66, 0.525, 0.19, 1.67, 0.6525, 0.4875, 0.49, 11
3, 0.485, 0.375, 0.13, 0.5535, 0.266, 0.112, 0.157, 8
2, 0.635, 0.51, 0.175, 1.2125, 0.5735, 0.261, 0.36, 14
3, 0.455, 0.35, 0.13, 0.4725, 0.215, 0.0745, 0.15, 9
1, 0.645, 0.485, 0.15, 1.2215, 0.5695, 0.2735, 0.33, 9
1, 0.635, 0.515, 0.17, 1.275, 0.509, 0.286, 0.34, 16
2, 0.345, 0.25, 0.09, 0.203, 0.078, 0.059, 0.055, 6
3, 0.55, 0.445, 0.11, 0.7935, 0.378, 0.142, 0.26, 10
3, 0.25, 0.18, 0.06, 0.073, 0.028, 0.017, 0.0225, 5
1, 0.76, 0.605, 0.215, 2.173, 0.801, 0.4915, 0.646, 13
1, 0.53, 0.435, 0.155, 0.699, 0.288, 0.1595, 0.205, 10
1, 0.66, 0.53, 0.175, 1.583, 0.7395, 0.3505, 0.405, 10
1, 0.6, 0.475, 0.15, 1.089, 0.5195, 0.223, 0.292, 11
1, 0.66, 0.505, 0.2, 1.6305, 0.4865, 0.297, 0.61, 18
2, 0.49, 0.38, 0.13, 0.539, 0.229, 0.1355, 0.165, 12
1, 0.72, 0.575, 0.23, 2.2695, 0.8835, 0.3985, 0.665, 16
2, 0.6, 0.47, 0.2, 1.031, 0.392, 0.2035, 0.29, 15
1, 0.63, 0.49, 0.18, 1.13, 0.458, 0.2765, 0.315, 12
3, 0.36, 0.265, 0.085, 0.1895, 0.0725, 0.0515, 0.055, 6
1, 0.625, 0.5, 0.17, 1.0985, 0.4645, 0.22, 0.354, 9
1, 0.6, 0.47, 0.15, 0.928, 0.4225, 0.183, 0.275, 8
3, 0.515, 0.375, 0.14, 0.6505, 0.2495, 0.141, 0.2215, 10
1, 0.65, 0.5, 0.155, 1.202, 0.565, 0.3135, 0.294, 11
3, 0.56, 0.435, 0.135, 0.72, 0.329, 0.103, 0.251, 11
1, 0.39, 0.285, 0.095, 0.271, 0.11, 0.06, 0.08, 8
2, 0.475, 0.35, 0.115, 0.487, 0.194, 0.1455, 0.125, 13
1, 0.18, 0.125, 0.05, 0.023, 0.0085, 0.0055, 0.01, 3
1, 0.505, 0.4, 0.15, 0.775, 0.3445, 0.157, 0.185, 7
1, 0.555, 0.445, 0.13, 0.8625, 0.4225, 0.155, 0.24, 9
1, 0.4, 0.3, 0.125, 0.417, 0.191, 0.09, 0.1175, 9
2, 0.51, 0.38, 0.13, 0.584, 0.224, 0.1355, 0.185, 13
1, 0.475, 0.36, 0.12, 0.578, 0.2825, 0.12, 0.17, 8
2, 0.49, 0.375, 0.135, 0.6125, 0.2555, 0.102, 0.22, 11
1, 0.57, 0.48, 0.175, 1.185, 0.474, 0.261, 0.38, 11
1, 0.565, 0.415, 0.125, 0.667, 0.302, 0.1545, 0.185, 7
2, 0.665, 0.57, 0.185, 1.522, 0.6965, 0.3025, 0.405, 13
2, 0.47, 0.35, 0.145, 0.5175, 0.187, 0.1235, 0.18, 11
2, 0.455, 0.375, 0.125, 0.458, 0.1985, 0.111, 0.12, 10
2, 0.505, 0.39, 0.13, 0.674, 0.3165, 0.141, 0.1785, 9
1, 0.625, 0.49, 0.12, 0.8765, 0.456, 0.18, 0.233, 10
3, 0.53, 0.43, 0.135, 0.6255, 0.245, 0.1455, 0.2135, 10
3, 0.43, 0.34, 0.125, 0.384, 0.1375, 0.061, 0.146, 14
1, 0.58, 0.45, 0.155, 0.8275, 0.321, 0.1975, 0.2445, 8
1, 0.56, 0.465, 0.145, 0.8875, 0.3345, 0.22, 0.2695, 9
2, 0.62, 0.51, 0.175, 1.1255, 0.4985, 0.227, 0.315, 14
2, 0.6, 0.475, 0.18, 1.162, 0.511, 0.2675, 0.32, 18
1, 0.46, 0.35, 0.125, 0.5165, 0.1885, 0.1145, 0.185, 9
1, 0.565, 0.435, 0.185, 1.032, 0.354, 0.2045, 0.31, 20
3, 0.45, 0.355, 0.105, 0.4445, 0.197, 0.093, 0.1335, 8
1, 0.545, 0.42, 0.13, 0.879, 0.374, 0.1695, 0.23, 13
2, 0.615, 0.475, 0.165, 1.023, 0.4905, 0.1955, 0.3035, 12
2, 0.64, 0.525, 0.175, 1.382, 0.646, 0.3115, 0.37, 9
3, 0.41, 0.315, 0.1, 0.3, 0.124, 0.0575, 0.1, 8
2, 0.62, 0.54, 0.165, 1.139, 0.4995, 0.2435, 0.357, 11
2, 0.66, 0.53, 0.17, 1.431, 0.622, 0.309, 0.398, 10
1, 0.61, 0.45, 0.15, 0.871, 0.407, 0.1835, 0.25, 10
3, 0.525, 0.4, 0.125, 0.6965, 0.369, 0.1385, 0.164, 9
2, 0.43, 0.335, 0.12, 0.444, 0.155, 0.1145, 0.14, 13
2, 0.57, 0.445, 0.155, 1.017, 0.5265, 0.2025, 0.265, 10
1, 0.515, 0.37, 0.115, 0.6145, 0.3415, 0.155, 0.146, 9
2, 0.61, 0.475, 0.14, 1.133, 0.5275, 0.2355, 0.35, 11
3, 0.5, 0.375, 0.14, 0.5495, 0.248, 0.112, 0.1585, 7
3, 0.36, 0.27, 0.09, 0.232, 0.12, 0.0435, 0.056, 8
1, 0.485, 0.355, 0.12, 0.547, 0.215, 0.1615, 0.14, 10
1, 0.46, 0.355, 0.11, 0.415, 0.215, 0.082, 0.13, 12
2, 0.41, 0.325, 0.105, 0.3635, 0.159, 0.077, 0.12, 10
1, 0.63, 0.515, 0.155, 1.259, 0.4105, 0.197, 0.41, 13
3, 0.62, 0.485, 0.17, 1.208, 0.4805, 0.3045, 0.33, 15
1, 0.47, 0.365, 0.12, 0.612, 0.327, 0.15, 0.14, 8
3, 0.44, 0.345, 0.115, 0.545, 0.269, 0.111, 0.1305, 6
1, 0.665, 0.5, 0.175, 1.2975, 0.6075, 0.314, 0.315, 9
2, 0.725, 0.53, 0.19, 1.7315, 0.83, 0.398, 0.405, 11
2, 0.68, 0.55, 0.21, 1.7445, 0.5975, 0.305, 0.625, 17
1, 0.495, 0.395, 0.125, 0.5415, 0.2375, 0.1345, 0.155, 9
3, 0.47, 0.35, 0.13, 0.466, 0.1845, 0.099, 0.145, 11
1, 0.46, 0.36, 0.135, 0.6105, 0.1955, 0.107, 0.235, 14
1, 0.63, 0.505, 0.175, 1.221, 0.555, 0.252, 0.34, 12
1, 0.625, 0.5, 0.18, 1.3705, 0.645, 0.303, 0.3705, 12
1, 0.515, 0.455, 0.135, 0.7225, 0.295, 0.1625, 0.235, 9
1, 0.48, 0.375, 0.145, 0.777, 0.216, 0.13, 0.17, 9
2, 0.48, 0.38, 0.145, 0.59, 0.232, 0.141, 0.23, 12
3, 0.32, 0.225, 0.085, 0.1415, 0.0675, 0.0295, 0.0405, 6
2, 0.57, 0.44, 0.14, 0.9535, 0.3785, 0.201, 0.305, 17
2, 0.625, 0.485, 0.2, 1.38, 0.5845, 0.302, 0.401, 9
1, 0.58, 0.445, 0.16, 0.984, 0.49, 0.201, 0.27, 9
1, 0.605, 0.475, 0.19, 1.1255, 0.59, 0.247, 0.26, 10
3, 0.475, 0.355, 0.115, 0.5195, 0.279, 0.088, 0.1325, 7
3, 0.325, 0.27, 0.1, 0.185, 0.08, 0.0435, 0.065, 6
2, 0.55, 0.44, 0.125, 0.765, 0.33, 0.2125, 0.245, 9
2, 0.51, 0.37, 0.21, 1.183, 0.508, 0.292, 0.343, 9
3, 0.435, 0.3, 0.12, 0.5965, 0.259, 0.139, 0.1645, 8
2, 0.71, 0.53, 0.195, 1.8745, 0.6755, 0.4065, 0.6855, 12
3, 0.33, 0.255, 0.08, 0.205, 0.0895, 0.0395, 0.055, 7
1, 0.54, 0.42, 0.19, 0.6855, 0.293, 0.163, 0.38, 10
2, 0.62, 0.5, 0.175, 1.107, 0.4895, 0.24, 0.343, 11
3, 0.18, 0.125, 0.035, 0.0265, 0.0095, 0.0055, 0.0085, 4
2, 0.645, 0.485, 0.15, 1.151, 0.5935, 0.2315, 0.293, 12
1, 0.625, 0.49, 0.175, 1.3325, 0.5705, 0.271, 0.405, 10
3, 0.395, 0.27, 0.1, 0.2985, 0.1445, 0.061, 0.082, 5
3, 0.275, 0.195, 0.07, 0.0875, 0.0345, 0.022, 0.0255, 4
2, 0.47, 0.36, 0.12, 0.4775, 0.2105, 0.1055, 0.15, 10
1, 0.665, 0.535, 0.225, 2.1835, 0.7535, 0.391, 0.885, 27
2, 0.64, 0.54, 0.175, 1.221, 0.51, 0.259, 0.39, 15
3, 0.5, 0.39, 0.13, 0.5075, 0.2115, 0.104, 0.1755, 9
1, 0.455, 0.345, 0.15, 0.5795, 0.1685, 0.125, 0.215, 13
3, 0.5, 0.385, 0.12, 0.516, 0.197, 0.1305, 0.165, 8
1, 0.375, 0.29, 0.1, 0.276, 0.1175, 0.0565, 0.085, 9
2, 0.62, 0.485, 0.155, 1.1945, 0.5105, 0.271, 0.352, 9
1, 0.29, 0.225, 0.08, 0.1295, 0.0535, 0.026, 0.045, 10
2, 0.6, 0.485, 0.145, 0.776, 0.3545, 0.1585, 0.239, 9
3, 0.59, 0.45, 0.16, 0.893, 0.2745, 0.2185, 0.345, 14
3, 0.28, 0.205, 0.07, 0.1015, 0.041, 0.03, 0.03, 6
2, 0.57, 0.465, 0.18, 0.9995, 0.405, 0.277, 0.295, 16
1, 0.66, 0.51, 0.165, 1.6375, 0.7685, 0.3545, 0.3925, 14
2, 0.515, 0.4, 0.115, 0.578, 0.191, 0.1445, 0.17, 9
3, 0.435, 0.335, 0.095, 0.298, 0.109, 0.058, 0.115, 7
3, 0.515, 0.42, 0.15, 0.6725, 0.2555, 0.1335, 0.235, 10
3, 0.475, 0.355, 0.105, 0.468, 0.201, 0.1115, 0.12, 8
1, 0.635, 0.485, 0.18, 1.1795, 0.4785, 0.2775, 0.355, 10
2, 0.725, 0.6, 0.2, 1.737, 0.697, 0.3585, 0.595, 11
3, 0.49, 0.375, 0.115, 0.4615, 0.204, 0.0945, 0.143, 8
3, 0.575, 0.45, 0.145, 0.872, 0.4675, 0.18, 0.217, 9
1, 0.485, 0.385, 0.125, 0.4775, 0.2, 0.0785, 0.17, 12
2, 0.485, 0.37, 0.115, 0.4785, 0.1995, 0.0955, 0.129, 7
3, 0.295, 0.225, 0.08, 0.124, 0.0485, 0.032, 0.04, 9
3, 0.245, 0.205, 0.06, 0.0765, 0.034, 0.014, 0.0215, 4
3, 0.41, 0.315, 0.095, 0.2805, 0.114, 0.0345, 0.11, 7
3, 0.445, 0.335, 0.11, 0.411, 0.1985, 0.0935, 0.109, 8
3, 0.325, 0.245, 0.07, 0.161, 0.0755, 0.0255, 0.045, 6
1, 0.625, 0.455, 0.17, 1.082, 0.4955, 0.2345, 0.315, 9
1, 0.68, 0.52, 0.175, 1.543, 0.7525, 0.351, 0.374, 11
1, 0.545, 0.41, 0.14, 0.737, 0.349, 0.15, 0.212, 9
2, 0.715, 0.565, 0.18, 1.79, 0.844, 0.3535, 0.5385, 9
1, 0.6, 0.47, 0.16, 1.194, 0.5625, 0.3045, 0.2635, 10
2, 0.595, 0.455, 0.155, 1.0605, 0.5135, 0.2165, 0.3, 12
1, 0.47, 0.375, 0.115, 0.4265, 0.1685, 0.0755, 0.15, 8
2, 0.505, 0.38, 0.135, 0.6855, 0.361, 0.1565, 0.161, 9
1, 0.655, 0.485, 0.195, 1.62, 0.6275, 0.358, 0.485, 17
1, 0.625, 0.47, 0.15, 1.124, 0.556, 0.2315, 0.287, 9
1, 0.6, 0.46, 0.17, 1.1805, 0.456, 0.337, 0.329, 11
3, 0.305, 0.215, 0.065, 0.1075, 0.044, 0.0205, 0.038, 5
3, 0.45, 0.34, 0.105, 0.4385, 0.21, 0.0925, 0.12, 8
2, 0.555, 0.405, 0.12, 0.913, 0.4585, 0.196, 0.2065, 9
1, 0.575, 0.455, 0.165, 0.867, 0.3765, 0.1805, 0.268, 8
1, 0.535, 0.44, 0.15, 0.6765, 0.256, 0.139, 0.26, 12
1, 0.39, 0.28, 0.125, 0.564, 0.3035, 0.0955, 0.143, 7
1, 0.59, 0.475, 0.14, 0.977, 0.4625, 0.2025, 0.275, 10
2, 0.67, 0.54, 0.165, 1.5015, 0.518, 0.358, 0.505, 14
1, 0.65, 0.525, 0.175, 1.5365, 0.6865, 0.3585, 0.405, 11
2, 0.705, 0.535, 0.22, 1.866, 0.929, 0.3835, 0.4395, 10
1, 0.73, 0.575, 0.21, 2.069, 0.9285, 0.409, 0.643, 11
1, 0.72, 0.58, 0.19, 2.0885, 0.9955, 0.478, 0.5305, 13
2, 0.615, 0.5, 0.165, 1.327, 0.6, 0.3015, 0.355, 10
1, 0.635, 0.52, 0.175, 1.292, 0.6, 0.269, 0.367, 11
1, 0.58, 0.46, 0.13, 0.921, 0.357, 0.181, 0.29, 13
3, 0.45, 0.34, 0.095, 0.3245, 0.1385, 0.064, 0.105, 8
1, 0.56, 0.46, 0.235, 0.8395, 0.3325, 0.157, 0.305, 12
2, 0.455, 0.35, 0.14, 0.5185, 0.221, 0.1265, 0.135, 10
1, 0.69, 0.53, 0.21, 1.583, 0.7355, 0.405, 0.3865, 12
1, 0.605, 0.475, 0.175, 1.2525, 0.5575, 0.3055, 0.343, 9
3, 0.27, 0.2, 0.07, 0.1, 0.034, 0.0245, 0.035, 5
3, 0.48, 0.37, 0.12, 0.514, 0.2075, 0.131, 0.155, 13
3, 0.41, 0.3, 0.09, 0.304, 0.129, 0.071, 0.0955, 8
1, 0.43, 0.33, 0.095, 0.34, 0.1315, 0.085, 0.112, 14
3, 0.255, 0.18, 0.055, 0.083, 0.031, 0.0215, 0.02, 4
3, 0.455, 0.37, 0.125, 0.433, 0.201, 0.1265, 0.145, 9
1, 0.45, 0.32, 0.1, 0.381, 0.1705, 0.075, 0.115, 9
1, 0.345, 0.265, 0.09, 0.163, 0.0615, 0.037, 0.0485, 10
1, 0.37, 0.285, 0.1, 0.228, 0.0675, 0.0675, 0.081, 10
2, 0.405, 0.325, 0.11, 0.3555, 0.151, 0.063, 0.117, 9
1, 0.6, 0.47, 0.165, 1.059, 0.504, 0.241, 0.275, 9
1, 0.5, 0.39, 0.13, 0.709, 0.275, 0.168, 0.18, 11
1, 0.635, 0.525, 0.185, 1.4065, 0.684, 0.3, 0.3745, 10
1, 0.57, 0.44, 0.095, 0.827, 0.3395, 0.2215, 0.235, 8
1, 0.32, 0.24, 0.085, 0.17, 0.0655, 0.047, 0.049, 7
2, 0.705, 0.555, 0.195, 1.7525, 0.7105, 0.4215, 0.516, 12
1, 0.725, 0.57, 0.19, 2.3305, 1.253, 0.541, 0.52, 9
3, 0.32, 0.24, 0.07, 0.133, 0.0585, 0.0255, 0.041, 6
3, 0.33, 0.24, 0.075, 0.163, 0.0745, 0.033, 0.048, 6
1, 0.59, 0.45, 0.185, 1.283, 0.473, 0.276, 0.425, 16
3, 0.465, 0.38, 0.13, 0.454, 0.1895, 0.08, 0.155, 11
3, 0.37, 0.275, 0.14, 0.2215, 0.097, 0.0455, 0.0615, 6
3, 0.375, 0.28, 0.085, 0.3155, 0.187, 0.046, 0.067, 7
3, 0.255, 0.19, 0.07, 0.0815, 0.028, 0.016, 0.031, 5
3, 0.395, 0.295, 0.1, 0.2715, 0.134, 0.0325, 0.085, 10
2, 0.63, 0.48, 0.16, 1.199, 0.5265, 0.335, 0.315, 11
1, 0.655, 0.54, 0.165, 1.403, 0.6955, 0.2385, 0.42, 11
1, 0.535, 0.41, 0.12, 0.6835, 0.3125, 0.1655, 0.159, 8
2, 0.7, 0.575, 0.2, 1.7365, 0.7755, 0.3965, 0.461, 11
3, 0.14, 0.105, 0.035, 0.0145, 0.005, 0.0035, 0.005, 4
2, 0.58, 0.475, 0.135, 0.925, 0.391, 0.165, 0.275, 14
1, 0.32, 0.24, 0.08, 0.18, 0.08, 0.0385, 0.055, 6
1, 0.405, 0.305, 0.12, 0.3185, 0.1235, 0.0905, 0.095, 7
3, 0.2, 0.145, 0.025, 0.0345, 0.011, 0.0075, 0.01, 5
1, 0.58, 0.45, 0.12, 0.8685, 0.418, 0.1475, 0.2605, 8
3, 0.475, 0.355, 0.125, 0.4865, 0.2155, 0.1105, 0.142, 9
3, 0.41, 0.325, 0.1, 0.3245, 0.132, 0.072, 0.106, 6
1, 0.605, 0.49, 0.155, 1.153, 0.503, 0.2505, 0.295, 15
1, 0.65, 0.495, 0.17, 1.276, 0.6215, 0.2305, 0.399, 11
1, 0.615, 0.48, 0.18, 1.1595, 0.4845, 0.2165, 0.325, 13
1, 0.6, 0.47, 0.16, 1.012, 0.441, 0.2015, 0.305, 10
1, 0.615, 0.505, 0.165, 1.167, 0.4895, 0.2955, 0.345, 10
3, 0.44, 0.31, 0.115, 0.3625, 0.134, 0.082, 0.12, 11
1, 0.455, 0.35, 0.105, 0.416, 0.1625, 0.097, 0.145, 11
2, 0.645, 0.52, 0.19, 1.3105, 0.58, 0.288, 0.37, 12
2, 0.65, 0.545, 0.185, 1.5055, 0.6565, 0.341, 0.43, 10
2, 0.38, 0.32, 0.115, 0.6475, 0.323, 0.1325, 0.164, 7
1, 0.535, 0.405, 0.175, 1.2705, 0.548, 0.3265, 0.337, 13
1, 0.645, 0.505, 0.185, 1.463, 0.592, 0.3905, 0.416, 10
2, 0.745, 0.57, 0.215, 2.25, 1.1565, 0.446, 0.558, 9
1, 0.415, 0.31, 0.09, 0.3245, 0.1305, 0.0735, 0.115, 8
2, 0.555, 0.43, 0.135, 0.812, 0.4055, 0.163, 0.2215, 9
2, 0.44, 0.34, 0.105, 0.364, 0.148, 0.0805, 0.1175, 8
3, 0.555, 0.43, 0.155, 0.7395, 0.3135, 0.1435, 0.28, 10
3, 0.54, 0.42, 0.14, 0.7265, 0.3205, 0.1445, 0.229, 9
3, 0.425, 0.345, 0.125, 0.425, 0.16, 0.0795, 0.154, 13
3, 0.195, 0.15, 0.045, 0.0375, 0.018, 0.006, 0.011, 3
1, 0.57, 0.45, 0.155, 1.195, 0.5625, 0.2565, 0.295, 10
2, 0.645, 0.51, 0.16, 1.2415, 0.5815, 0.276, 0.315, 9
3, 0.41, 0.31, 0.09, 0.339, 0.155, 0.0695, 0.09, 7
2, 0.615, 0.475, 0.155, 1.115, 0.484, 0.2115, 0.355, 10
2, 0.615, 0.525, 0.155, 1.0385, 0.427, 0.2315, 0.345, 11
3, 0.455, 0.37, 0.11, 0.514, 0.2385, 0.1235, 0.126, 8
1, 0.55, 0.41, 0.15, 0.785, 0.282, 0.186, 0.275, 12
3, 0.56, 0.43, 0.13, 0.728, 0.3355, 0.1435, 0.2175, 8
3, 0.29, 0.21, 0.06, 0.1195, 0.056, 0.0235, 0.03, 6
3, 0.38, 0.29, 0.085, 0.2285, 0.088, 0.0465, 0.075, 7
1, 0.745, 0.565, 0.215, 1.931, 0.896, 0.4585, 0.5, 11
2, 0.465, 0.35, 0.13, 0.494, 0.1945, 0.103, 0.155, 18
2, 0.5, 0.39, 0.13, 0.6355, 0.2505, 0.1635, 0.195, 15
3, 0.5, 0.375, 0.12, 0.542, 0.215, 0.116, 0.17, 9
3, 0.465, 0.355, 0.105, 0.442, 0.2085, 0.0975, 0.1185, 7
1, 0.63, 0.515, 0.16, 1.016, 0.4215, 0.244, 0.355, 19
2, 0.625, 0.515, 0.18, 1.3485, 0.5255, 0.252, 0.3925, 14
2, 0.635, 0.505, 0.17, 1.2635, 0.512, 0.322, 0.355, 9
1, 0.575, 0.475, 0.16, 1.114, 0.4955, 0.2745, 0.29, 9
2, 0.56, 0.43, 0.145, 0.898, 0.3895, 0.2325, 0.245, 9
3, 0.475, 0.375, 0.11, 0.456, 0.182, 0.099, 0.16, 9
3, 0.415, 0.325, 0.1, 0.313, 0.139, 0.0625, 0.0965, 7
3, 0.37, 0.28, 0.09, 0.233, 0.0905, 0.0545, 0.07, 11
3, 0.375, 0.29, 0.095, 0.2875, 0.123, 0.0605, 0.08, 6
1, 0.37, 0.28, 0.105, 0.224, 0.0815, 0.0575, 0.075, 8
1, 0.655, 0.525, 0.16, 1.46, 0.686, 0.311, 0.405, 11
2, 0.565, 0.455, 0.13, 1.058, 0.439, 0.2645, 0.3, 10
1, 0.64, 0.505, 0.18, 1.297, 0.59, 0.3125, 0.363, 11
1, 0.47, 0.35, 0.1, 0.4775, 0.1885, 0.0885, 0.175, 8
1, 0.61, 0.47, 0.175, 1.214, 0.5315, 0.2835, 0.325, 10
3, 0.39, 0.31, 0.085, 0.344, 0.181, 0.0695, 0.079, 7
2, 0.64, 0.5, 0.18, 1.4995, 0.593, 0.314, 0.431, 11
2, 0.45, 0.355, 0.105, 0.5225, 0.237, 0.1165, 0.145, 8
1, 0.65, 0.52, 0.19, 1.3445, 0.519, 0.306, 0.4465, 16
2, 0.48, 0.375, 0.105, 0.525, 0.2185, 0.1195, 0.155, 12
2, 0.635, 0.5, 0.19, 1.29, 0.593, 0.3045, 0.352, 8
3, 0.49, 0.365, 0.125, 0.5585, 0.252, 0.126, 0.1615, 10
2, 0.655, 0.455, 0.17, 1.275, 0.583, 0.303, 0.333, 8
1, 0.5, 0.38, 0.125, 0.577, 0.269, 0.1265, 0.1535, 9
1, 0.355, 0.29, 0.09, 0.3275, 0.134, 0.086, 0.09, 9
1, 0.58, 0.465, 0.15, 0.9065, 0.371, 0.1965, 0.29, 8
1, 0.545, 0.41, 0.145, 0.873, 0.3035, 0.196, 0.31, 18
3, 0.475, 0.365, 0.14, 0.4545, 0.171, 0.118, 0.158, 8
3, 0.34, 0.255, 0.075, 0.18, 0.0745, 0.04, 0.0525, 6
1, 0.63, 0.495, 0.16, 1.093, 0.497, 0.221, 0.315, 12
2, 0.675, 0.525, 0.17, 1.711, 0.8365, 0.352, 0.475, 9
2, 0.57, 0.465, 0.155, 0.9685, 0.446, 0.261, 0.255, 9
3, 0.375, 0.275, 0.09, 0.218, 0.093, 0.0405, 0.0755, 6
1, 0.465, 0.375, 0.11, 0.5, 0.21, 0.113, 0.1505, 8
3, 0.37, 0.29, 0.1, 0.25, 0.1025, 0.0505, 0.085, 10
2, 0.555, 0.425, 0.14, 0.963, 0.44, 0.224, 0.24, 7
3, 0.51, 0.375, 0.15, 0.8415, 0.3845, 0.156, 0.255, 10
3, 0.56, 0.425, 0.135, 0.8205, 0.3715, 0.185, 0.236, 9
2, 0.36, 0.265, 0.09, 0.2065, 0.078, 0.057, 0.06, 8
3, 0.62, 0.45, 0.135, 0.924, 0.358, 0.2265, 0.2965, 10
2, 0.56, 0.455, 0.19, 0.714, 0.283, 0.129, 0.275, 9
3, 0.63, 0.465, 0.15, 1.0315, 0.4265, 0.24, 0.325, 11
2, 0.525, 0.39, 0.135, 0.6005, 0.2265, 0.131, 0.21, 16
1, 0.71, 0.56, 0.22, 2.015, 0.9215, 0.454, 0.566, 11
1, 0.625, 0.47, 0.18, 1.136, 0.451, 0.3245, 0.305, 11
1, 0.385, 0.31, 0.1, 0.2845, 0.1065, 0.075, 0.1, 11
1, 0.615, 0.455, 0.13, 0.9685, 0.49, 0.182, 0.2655, 10
3, 0.285, 0.225, 0.07, 0.1005, 0.0425, 0.0185, 0.035, 7
1, 0.675, 0.545, 0.185, 1.7375, 0.876, 0.3135, 0.469, 13
2, 0.72, 0.565, 0.18, 1.719, 0.8465, 0.407, 0.3875, 11
3, 0.55, 0.435, 0.125, 0.741, 0.348, 0.1585, 0.206, 9
2, 0.695, 0.525, 0.205, 1.8185, 0.819, 0.4025, 0.4525, 13
2, 0.575, 0.46, 0.15, 0.927, 0.333, 0.207, 0.2985, 9
1, 0.505, 0.385, 0.15, 0.6415, 0.246, 0.152, 0.215, 12
3, 0.455, 0.35, 0.135, 0.5365, 0.2855, 0.0855, 0.1325, 7
2, 0.655, 0.515, 0.17, 1.527, 0.8485, 0.2635, 0.331, 11
1, 0.645, 0.505, 0.165, 1.307, 0.4335, 0.262, 0.52, 10
1, 0.555, 0.46, 0.16, 0.86, 0.3345, 0.1935, 0.275, 10
2, 0.63, 0.485, 0.185, 1.167, 0.548, 0.2485, 0.34, 10
2, 0.645, 0.5, 0.225, 1.626, 0.587, 0.4055, 0.41, 15
3, 0.405, 0.305, 0.09, 0.2825, 0.114, 0.0575, 0.095, 7
2, 0.635, 0.495, 0.175, 1.2355, 0.5205, 0.3085, 0.347, 10
1, 0.53, 0.41, 0.155, 0.7155, 0.2805, 0.1685, 0.214, 11
1, 0.53, 0.425, 0.11, 0.739, 0.237, 0.161, 0.295, 13
3, 0.26, 0.2, 0.07, 0.092, 0.037, 0.02, 0.03, 6
1, 0.505, 0.44, 0.14, 0.8275, 0.3415, 0.1855, 0.239, 8
3, 0.475, 0.35, 0.115, 0.498, 0.2375, 0.099, 0.14, 7
2, 0.63, 0.5, 0.155, 1.005, 0.367, 0.199, 0.36, 16
2, 0.495, 0.41, 0.125, 0.7555, 0.3355, 0.129, 0.214, 9
2, 0.58, 0.455, 0.12, 0.94, 0.399, 0.257, 0.265, 11
1, 0.575, 0.435, 0.135, 0.992, 0.432, 0.2225, 0.239, 10
2, 0.545, 0.44, 0.135, 0.9185, 0.429, 0.2015, 0.2375, 10
3, 0.4, 0.3, 0.11, 0.2985, 0.1375, 0.071, 0.075, 6
3, 0.355, 0.275, 0.09, 0.251, 0.097, 0.053, 0.08, 7
2, 0.675, 0.53, 0.175, 1.4465, 0.6775, 0.33, 0.389, 10
3, 0.25, 0.175, 0.06, 0.0635, 0.0275, 0.008, 0.02, 4
2, 0.65, 0.545, 0.165, 1.566, 0.6645, 0.3455, 0.415, 16
1, 0.525, 0.41, 0.13, 0.99, 0.3865, 0.243, 0.295, 15
2, 0.595, 0.475, 0.17, 1.247, 0.48, 0.225, 0.425, 20
3, 0.5, 0.39, 0.125, 0.583, 0.294, 0.132, 0.1605, 8
1, 0.66, 0.515, 0.195, 1.5655, 0.7345, 0.353, 0.386, 9
1, 0.78, 0.6, 0.21, 2.548, 1.1945, 0.5745, 0.6745, 11
1, 0.505, 0.405, 0.14, 0.875, 0.2665, 0.174, 0.285, 12
1, 0.655, 0.52, 0.165, 1.4095, 0.586, 0.291, 0.405, 9
1, 0.62, 0.475, 0.185, 1.325, 0.6045, 0.325, 0.33, 13
1, 0.26, 0.19, 0.075, 0.0945, 0.0445, 0.02, 0.03, 6
1, 0.58, 0.43, 0.13, 0.798, 0.365, 0.173, 0.2285, 10
1, 0.515, 0.405, 0.14, 0.8505, 0.312, 0.146, 0.315, 17
1, 0.63, 0.49, 0.155, 1.229, 0.535, 0.29, 0.335, 11
2, 0.625, 0.525, 0.195, 1.352, 0.4505, 0.2445, 0.53, 13
1, 0.62, 0.525, 0.155, 1.085, 0.454, 0.1965, 0.35, 10
2, 0.565, 0.44, 0.15, 0.863, 0.435, 0.149, 0.27, 9
2, 0.595, 0.435, 0.15, 0.9, 0.4175, 0.17, 0.265, 8
1, 0.47, 0.385, 0.135, 0.5895, 0.2765, 0.12, 0.17, 8
2, 0.52, 0.41, 0.125, 0.6985, 0.2945, 0.1625, 0.215, 10
3, 0.535, 0.415, 0.15, 0.5765, 0.3595, 0.135, 0.225, 8
3, 0.43, 0.34, 0.105, 0.4405, 0.2385, 0.0745, 0.1075, 6
2, 0.65, 0.49, 0.155, 1.122, 0.545, 0.228, 0.3055, 9
2, 0.595, 0.495, 0.185, 1.285, 0.416, 0.224, 0.485, 13
2, 0.625, 0.49, 0.155, 1.33, 0.6675, 0.259, 0.33, 10
1, 0.5, 0.355, 0.14, 0.528, 0.2125, 0.149, 0.14, 9
1, 0.51, 0.405, 0.15, 0.7035, 0.347, 0.134, 0.1885, 8
1, 0.585, 0.455, 0.155, 1.133, 0.5515, 0.223, 0.305, 12
1, 0.64, 0.5, 0.17, 1.4545, 0.642, 0.3575, 0.354, 9
3, 0.28, 0.21, 0.075, 0.1195, 0.053, 0.0265, 0.03, 6
2, 0.585, 0.45, 0.145, 0.9835, 0.4845, 0.242, 0.22, 9
3, 0.375, 0.275, 0.09, 0.238, 0.1075, 0.0545, 0.07, 6
1, 0.525, 0.4, 0.155, 0.707, 0.282, 0.1605, 0.225, 9
3, 0.375, 0.28, 0.085, 0.2145, 0.0855, 0.0485, 0.072, 7
3, 0.48, 0.35, 0.135, 0.5465, 0.2735, 0.0995, 0.158, 8
1, 0.51, 0.39, 0.125, 0.6565, 0.262, 0.1835, 0.175, 10
3, 0.275, 0.195, 0.065, 0.106, 0.054, 0.02, 0.028, 6
2, 0.63, 0.51, 0.185, 1.235, 0.5115, 0.349, 0.3065, 11
2, 0.62, 0.51, 0.18, 1.233, 0.592, 0.274, 0.322, 10
3, 0.51, 0.455, 0.135, 0.6855, 0.2875, 0.154, 0.2035, 9
2, 0.595, 0.47, 0.25, 1.283, 0.462, 0.2475, 0.445, 14
1, 0.645, 0.52, 0.175, 1.636, 0.779, 0.342, 0.432, 11
3, 0.52, 0.415, 0.16, 0.595, 0.2105, 0.142, 0.26, 15
1, 0.555, 0.435, 0.14, 0.7495, 0.341, 0.1645, 0.214, 8
3, 0.505, 0.395, 0.105, 0.551, 0.248, 0.103, 0.171, 8
1, 0.735, 0.59, 0.215, 1.747, 0.7275, 0.403, 0.557, 11
2, 0.535, 0.4, 0.15, 0.8045, 0.3345, 0.2125, 0.21, 13
1, 0.625, 0.48, 0.17, 1.3555, 0.671, 0.268, 0.3385, 10
1, 0.615, 0.48, 0.19, 1.36, 0.5305, 0.2375, 0.47, 18
3, 0.41, 0.3, 0.09, 0.28, 0.141, 0.0575, 0.075, 8
1, 0.605, 0.455, 0.16, 1.1035, 0.421, 0.3015, 0.325, 9
2, 0.545, 0.385, 0.15, 1.1185, 0.5425, 0.2445, 0.2845, 9
2, 0.63, 0.5, 0.185, 1.383, 0.54, 0.3315, 0.38, 10
1, 0.625, 0.49, 0.185, 1.169, 0.5275, 0.2535, 0.344, 11
3, 0.375, 0.29, 0.1, 0.219, 0.0925, 0.038, 0.075, 6
3, 0.16, 0.11, 0.025, 0.018, 0.0065, 0.0055, 0.005, 3
3, 0.45, 0.345, 0.11, 0.47, 0.2355, 0.0855, 0.1135, 7
2, 0.65, 0.535, 0.175, 1.2895, 0.6095, 0.2765, 0.344, 10
3, 0.435, 0.355, 0.125, 0.4075, 0.1535, 0.074, 0.165, 9
1, 0.62, 0.5, 0.18, 1.3915, 0.726, 0.2795, 0.332, 11
2, 0.715, 0.525, 0.185, 1.56, 0.6655, 0.383, 0.405, 11
2, 0.43, 0.34, 0.11, 0.382, 0.154, 0.0955, 0.109, 8
2, 0.48, 0.37, 0.13, 0.5885, 0.2475, 0.1505, 0.1595, 15
2, 0.635, 0.505, 0.145, 1.1345, 0.505, 0.2655, 0.315, 10
3, 0.585, 0.45, 0.15, 0.8915, 0.3975, 0.2035, 0.253, 8
1, 0.535, 0.42, 0.125, 0.738, 0.355, 0.1895, 0.1795, 8
3, 0.315, 0.23, 0, 0.134, 0.0575, 0.0285, 0.3505, 6
2, 0.455, 0.37, 0.105, 0.4925, 0.216, 0.1245, 0.135, 9
1, 0.59, 0.475, 0.155, 0.857, 0.356, 0.174, 0.28, 13
2, 0.58, 0.465, 0.145, 0.9865, 0.47, 0.2155, 0.25, 11
3, 0.375, 0.28, 0.08, 0.2235, 0.115, 0.043, 0.055, 6
2, 0.705, 0.57, 0.18, 1.5345, 0.96, 0.4195, 0.43, 12
3, 0.475, 0.365, 0.115, 0.49, 0.223, 0.1235, 0.1335, 9
1, 0.495, 0.395, 0.12, 0.553, 0.224, 0.1375, 0.167, 8
2, 0.64, 0.52, 0.175, 1.248, 0.4245, 0.2595, 0.48, 12
3, 0.34, 0.26, 0.08, 0.2, 0.08, 0.0555, 0.055, 6
1, 0.55, 0.425, 0.16, 0.97, 0.2885, 0.139, 0.48, 20
2, 0.475, 0.365, 0.115, 0.566, 0.281, 0.117, 0.1335, 7
1, 0.685, 0.51, 0.18, 1.4545, 0.6315, 0.3105, 0.3725, 9
3, 0.18, 0.13, 0.045, 0.0275, 0.0125, 0.01, 0.009, 3
1, 0.63, 0.49, 0.15, 1.1955, 0.5845, 0.257, 0.3, 9
3, 0.415, 0.315, 0.105, 0.33, 0.1405, 0.0705, 0.095, 6
2, 0.565, 0.44, 0.155, 0.9395, 0.4275, 0.214, 0.27, 12
3, 0.375, 0.3, 0.075, 0.144, 0.059, 0.03, 0.044, 7
2, 0.645, 0.5, 0.2, 1.4285, 0.639, 0.305, 0.36, 11
3, 0.42, 0.32, 0.115, 0.409, 0.2055, 0.0935, 0.105, 8
2, 0.64, 0.54, 0.175, 1.571, 0.627, 0.271, 0.475, 18
3, 0.375, 0.285, 0.09, 0.257, 0.1045, 0.062, 0.075, 7
1, 0.405, 0.305, 0.085, 0.2605, 0.1145, 0.0595, 0.085, 8
1, 0.585, 0.455, 0.15, 0.987, 0.4355, 0.2075, 0.31, 11
2, 0.53, 0.415, 0.16, 0.783, 0.2935, 0.158, 0.245, 15
2, 0.555, 0.42, 0.11, 0.931, 0.4445, 0.171, 0.225, 8
1, 0.645, 0.51, 0.19, 1.4865, 0.6445, 0.296, 0.425, 12
3, 0.375, 0.305, 0.115, 0.2715, 0.092, 0.074, 0.09, 8
1, 0.505, 0.385, 0.105, 0.5525, 0.239, 0.1245, 0.1555, 9
3, 0.45, 0.355, 0.11, 0.4585, 0.194, 0.067, 0.14, 8
3, 0.545, 0.4, 0.13, 0.686, 0.3285, 0.1455, 0.18, 9
1, 0.48, 0.365, 0.12, 0.6015, 0.312, 0.117, 0.14, 7
3, 0.495, 0.385, 0.125, 0.585, 0.2755, 0.1235, 0.165, 8
2, 0.605, 0.485, 0.165, 0.9515, 0.4535, 0.193, 0.2765, 11
1, 0.62, 0.47, 0.135, 1.0195, 0.5315, 0.2005, 0.2475, 8
2, 0.605, 0.485, 0.165, 1.0735, 0.437, 0.205, 0.33, 14
1, 0.565, 0.425, 0.1, 0.7145, 0.3055, 0.166, 0.18, 12
1, 0.54, 0.415, 0.17, 0.879, 0.339, 0.208, 0.255, 10
2, 0.545, 0.445, 0.175, 0.8525, 0.3465, 0.189, 0.295, 13
3, 0.535, 0.4, 0.135, 0.6025, 0.2895, 0.121, 0.154, 9
1, 0.63, 0.485, 0.16, 1.243, 0.623, 0.275, 0.3, 10
3, 0.39, 0.3, 0.095, 0.3265, 0.1665, 0.0575, 0.089, 7
3, 0.55, 0.465, 0.15, 0.936, 0.481, 0.174, 0.2435, 9
2, 0.59, 0.415, 0.15, 0.8805, 0.3645, 0.234, 0.235, 11
3, 0.52, 0.395, 0.145, 0.77, 0.424, 0.142, 0.1895, 7
3, 0.45, 0.335, 0.11, 0.4195, 0.181, 0.085, 0.1345, 7
2, 0.67, 0.525, 0.19, 1.527, 0.5755, 0.353, 0.44, 12
1, 0.745, 0.585, 0.215, 2.499, 0.9265, 0.472, 0.7, 17
1, 0.41, 0.315, 0.095, 0.306, 0.121, 0.0735, 0.09, 9
1, 0.52, 0.38, 0.135, 0.5825, 0.2505, 0.1565, 0.175, 8
3, 0.46, 0.365, 0.115, 0.511, 0.2365, 0.118, 0.123, 7
2, 0.44, 0.345, 0.17, 0.4085, 0.15, 0.0825, 0.1515, 12
3, 0.41, 0.31, 0.09, 0.3335, 0.1635, 0.061, 0.091, 6
3, 0.46, 0.37, 0.12, 0.5335, 0.2645, 0.108, 0.1345, 6
3, 0.53, 0.395, 0.13, 0.575, 0.247, 0.115, 0.183, 9
2, 0.65, 0.495, 0.175, 1.227, 0.528, 0.258, 0.37, 11
1, 0.57, 0.45, 0.14, 0.9275, 0.477, 0.1605, 0.2515, 8
2, 0.595, 0.455, 0.14, 0.914, 0.3895, 0.2225, 0.271, 9
1, 0.55, 0.405, 0.14, 0.8025, 0.244, 0.1635, 0.255, 10
3, 0.395, 0.29, 0.095, 0.304, 0.127, 0.084, 0.077, 6
2, 0.5, 0.4, 0.15, 0.8085, 0.273, 0.112, 0.295, 13
1, 0.74, 0.57, 0.18, 1.8725, 0.9115, 0.427, 0.446, 10
2, 0.665, 0.525, 0.21, 1.644, 0.818, 0.3395, 0.4275, 10
1, 0.62, 0.48, 0.15, 1.1015, 0.4965, 0.243, 0.305, 10
3, 0.19, 0.14, 0.03, 0.0315, 0.0125, 0.005, 0.0105, 3
2, 0.535, 0.405, 0.145, 0.6845, 0.2725, 0.171, 0.205, 10
3, 0.625, 0.43, 0.175, 1.411, 0.572, 0.297, 0.395, 12
3, 0.4, 0.315, 0.1, 0.3225, 0.143, 0.0735, 0.091, 6
3, 0.575, 0.455, 0.18, 0.8525, 0.3015, 0.1825, 0.3, 13
3, 0.375, 0.28, 0.09, 0.215, 0.084, 0.06, 0.055, 6
2, 0.615, 0.49, 0.19, 1.1345, 0.4695, 0.257, 0.348, 11
1, 0.61, 0.475, 0.165, 1.116, 0.428, 0.2205, 0.315, 15
1, 0.72, 0.57, 0.2, 1.8275, 0.919, 0.366, 0.485, 10
2, 0.595, 0.465, 0.15, 1.0255, 0.412, 0.2745, 0.289, 11
1, 0.64, 0.515, 0.08, 1.042, 0.515, 0.1755, 0.175, 10
3, 0.495, 0.38, 0.135, 0.5095, 0.2065, 0.1165, 0.165, 8
1, 0.585, 0.465, 0.155, 0.9145, 0.4555, 0.1965, 0.235, 9
2, 0.66, 0.525, 0.18, 1.5965, 0.7765, 0.397, 0.3605, 10
1, 0.59, 0.46, 0.14, 1.004, 0.496, 0.2165, 0.26, 9
3, 0.27, 0.19, 0.08, 0.081, 0.0265, 0.0195, 0.03, 6
1, 0.545, 0.43, 0.155, 0.8035, 0.409, 0.144, 0.228, 7
1, 0.765, 0.6, 0.22, 2.302, 1.007, 0.509, 0.6205, 12
1, 0.475, 0.385, 0.145, 0.6175, 0.235, 0.108, 0.215, 14
1, 0.58, 0.46, 0.155, 1.0335, 0.469, 0.2225, 0.295, 10
2, 0.6, 0.475, 0.15, 1.13, 0.575, 0.196, 0.305, 9
2, 0.5, 0.385, 0.105, 0.498, 0.1795, 0.1095, 0.17, 17
1, 0.535, 0.42, 0.125, 0.764, 0.312, 0.1505, 0.265, 11
1, 0.675, 0.51, 0.17, 1.527, 0.809, 0.318, 0.341, 11
3, 0.475, 0.35, 0.125, 0.4225, 0.1905, 0.079, 0.1355, 9
3, 0.425, 0.33, 0.115, 0.3265, 0.1315, 0.077, 0.103, 6
3, 0.44, 0.34, 0.105, 0.369, 0.164, 0.08, 0.1015, 5
1, 0.505, 0.385, 0.145, 0.6775, 0.236, 0.179, 0.2, 15
2, 0.635, 0.515, 0.19, 1.3715, 0.5065, 0.305, 0.45, 10
3, 0.275, 0.175, 0.09, 0.2315, 0.096, 0.057, 0.0705, 5
1, 0.36, 0.27, 0.1, 0.217, 0.0885, 0.0495, 0.0715, 6
2, 0.595, 0.48, 0.2, 0.975, 0.358, 0.2035, 0.34, 15
2, 0.68, 0.56, 0.195, 1.664, 0.58, 0.3855, 0.545, 11
3, 0.485, 0.37, 0.1, 0.513, 0.219, 0.1075, 0.13, 7
2, 0.725, 0.56, 0.185, 1.792, 0.873, 0.367, 0.435, 11
3, 0.39, 0.29, 0.09, 0.2625, 0.117, 0.054, 0.077, 7
1, 0.645, 0.51, 0.155, 1.539, 0.6405, 0.3585, 0.43, 11
3, 0.335, 0.26, 0.085, 0.192, 0.097, 0.03, 0.054, 6
1, 0.33, 0.255, 0.095, 0.1875, 0.0735, 0.045, 0.06, 7
1, 0.58, 0.455, 0.135, 0.7955, 0.405, 0.167, 0.204, 10
2, 0.49, 0.375, 0.15, 0.5755, 0.22, 0.144, 0.19, 9
2, 0.535, 0.4, 0.135, 0.8215, 0.3935, 0.196, 0.205, 8
1, 0.6, 0.495, 0.165, 1.2415, 0.485, 0.2775, 0.34, 15
3, 0.345, 0.255, 0.095, 0.1945, 0.0925, 0.037, 0.055, 6
3, 0.225, 0.17, 0.07, 0.0565, 0.024, 0.013, 0.016, 4
1, 0.505, 0.4, 0.13, 0.764, 0.3035, 0.189, 0.2175, 11
3, 0.52, 0.38, 0.14, 0.525, 0.1775, 0.115, 0.185, 11
2, 0.455, 0.365, 0.11, 0.385, 0.166, 0.046, 0.1345, 13
3, 0.35, 0.28, 0.075, 0.196, 0.082, 0.04, 0.064, 8
1, 0.565, 0.425, 0.16, 0.9425, 0.3495, 0.2185, 0.275, 17
1, 0.615, 0.51, 0.15, 1.296, 0.545, 0.3315, 0.32, 9
1, 0.625, 0.505, 0.175, 1.131, 0.5425, 0.2265, 0.323, 8
1, 0.2, 0.14, 0.055, 0.035, 0.0145, 0.008, 0.01, 5
3, 0.47, 0.365, 0.1, 0.411, 0.175, 0.0855, 0.135, 8
3, 0.56, 0.44, 0.155, 0.811, 0.3685, 0.178, 0.235, 11
1, 0.58, 0.45, 0.14, 0.824, 0.3465, 0.1765, 0.263, 10
2, 0.535, 0.4, 0.15, 1.224, 0.618, 0.275, 0.2875, 10
2, 0.52, 0.41, 0.115, 0.807, 0.2855, 0.179, 0.235, 12
2, 0.515, 0.395, 0.135, 0.516, 0.2015, 0.132, 0.162, 9
1, 0.71, 0.555, 0.175, 2.14, 1.2455, 0.3725, 0.434, 11
2, 0.535, 0.46, 0.145, 0.7875, 0.3395, 0.2005, 0.2, 8
1, 0.28, 0.2, 0.08, 0.0915, 0.033, 0.0215, 0.03, 5
2, 0.655, 0.52, 0.175, 1.472, 0.6275, 0.27, 0.45, 13
2, 0.715, 0.585, 0.23, 2.0725, 0.8655, 0.4095, 0.565, 10
2, 0.495, 0.385, 0.135, 0.6625, 0.3005, 0.1635, 0.185, 11
3, 0.475, 0.38, 0.12, 0.441, 0.1785, 0.0885, 0.1505, 8
3, 0.58, 0.46, 0.14, 0.9265, 0.4135, 0.1845, 0.27, 10
1, 0.63, 0.505, 0.155, 1.105, 0.492, 0.226, 0.325, 11
3, 0.38, 0.285, 0.095, 0.243, 0.0895, 0.0665, 0.075, 7
1, 0.285, 0.215, 0.075, 0.106, 0.0415, 0.023, 0.035, 5
3, 0.525, 0.41, 0.175, 0.874, 0.3585, 0.207, 0.205, 18
2, 0.67, 0.535, 0.185, 1.597, 0.6275, 0.35, 0.47, 21
3, 0.595, 0.475, 0.155, 0.984, 0.4865, 0.184, 0.2755, 10
3, 0.36, 0.28, 0.09, 0.2255, 0.0885, 0.04, 0.09, 8
1, 0.645, 0.49, 0.16, 1.251, 0.5355, 0.3345, 0.3165, 9
2, 0.65, 0.505, 0.175, 1.2075, 0.5105, 0.262, 0.39, 10
3, 0.3, 0.215, 0.05, 0.1185, 0.048, 0.0225, 0.042, 4
1, 0.53, 0.425, 0.13, 0.7455, 0.2995, 0.1355, 0.245, 10
2, 0.53, 0.42, 0.135, 0.677, 0.2565, 0.1415, 0.21, 9
2, 0.53, 0.415, 0.15, 0.7775, 0.237, 0.1415, 0.33, 20
2, 0.515, 0.395, 0.14, 0.686, 0.281, 0.1255, 0.22, 12
3, 0.5, 0.385, 0.11, 0.596, 0.3015, 0.104, 0.151, 8
1, 0.445, 0.37, 0.125, 0.515, 0.2495, 0.087, 0.159, 9
3, 0.41, 0.305, 0.09, 0.3535, 0.157, 0.0745, 0.1, 7
3, 0.38, 0.28, 0.095, 0.2885, 0.165, 0.0435, 0.067, 7
1, 0.41, 0.31, 0.125, 0.3595, 0.1415, 0.0885, 0.115, 11
3, 0.445, 0.35, 0.13, 0.4195, 0.1695, 0.0945, 0.1195, 7
1, 0.365, 0.295, 0.08, 0.2555, 0.097, 0.043, 0.1, 7
3, 0.46, 0.345, 0.11, 0.3755, 0.1525, 0.058, 0.125, 7
2, 0.635, 0.475, 0.15, 1.1845, 0.533, 0.307, 0.291, 10
3, 0.44, 0.32, 0.095, 0.3275, 0.1495, 0.059, 0.1, 8
1, 0.52, 0.4, 0.125, 0.559, 0.254, 0.139, 0.149, 8
1, 0.65, 0.515, 0.175, 1.4805, 0.5295, 0.272, 0.525, 20
1, 0.525, 0.4, 0.14, 0.7205, 0.3685, 0.145, 0.1735, 8
3, 0.45, 0.33, 0.11, 0.3685, 0.16, 0.0885, 0.102, 6
2, 0.575, 0.425, 0.15, 0.8765, 0.455, 0.18, 0.228, 8
3, 0.58, 0.425, 0.145, 0.83, 0.379, 0.1605, 0.2575, 11
2, 0.645, 0.48, 0.19, 1.371, 0.6925, 0.2905, 0.35, 12
1, 0.475, 0.385, 0.12, 0.562, 0.289, 0.0905, 0.153, 8
2, 0.48, 0.385, 0.135, 0.536, 0.1895, 0.142, 0.173, 14
3, 0.44, 0.365, 0.115, 0.501, 0.2435, 0.084, 0.1465, 9
1, 0.55, 0.435, 0.16, 0.906, 0.342, 0.219, 0.295, 13
3, 0.52, 0.41, 0.12, 0.595, 0.2385, 0.111, 0.19, 8
3, 0.43, 0.35, 0.105, 0.366, 0.1705, 0.0855, 0.11, 6
1, 0.59, 0.475, 0.165, 1.077, 0.4545, 0.244, 0.3095, 9
3, 0.52, 0.415, 0.14, 0.6385, 0.2945, 0.1405, 0.171, 8
3, 0.21, 0.15, 0.05, 0.042, 0.0175, 0.0125, 0.015, 4
1, 0.48, 0.355, 0.16, 0.464, 0.221, 0.106, 0.239, 8
3, 0.29, 0.215, 0.06, 0.1115, 0.053, 0.0185, 0.032, 5
3, 0.53, 0.42, 0.155, 0.81, 0.4725, 0.111, 0.192, 10
1, 0.465, 0.36, 0.115, 0.5795, 0.295, 0.1395, 0.12, 7
2, 0.625, 0.485, 0.165, 1.2255, 0.5075, 0.296, 0.36, 10
3, 0.325, 0.2, 0.08, 0.0995, 0.0395, 0.0225, 0.032, 8
3, 0.52, 0.4, 0.145, 0.66, 0.267, 0.1055, 0.22, 13
1, 0.365, 0.285, 0.085, 0.2205, 0.0855, 0.0515, 0.07, 9
1, 0.575, 0.47, 0.15, 0.9785, 0.4505, 0.196, 0.276, 9
3, 0.395, 0.3, 0.09, 0.279, 0.134, 0.049, 0.075, 8
1, 0.68, 0.515, 0.16, 1.2345, 0.618, 0.2625, 0.325, 11
3, 0.4, 0.3, 0.11, 0.315, 0.109, 0.067, 0.12, 9
3, 0.375, 0.275, 0.095, 0.2465, 0.11, 0.0415, 0.0775, 6
1, 0.335, 0.255, 0.075, 0.1635, 0.0615, 0.0345, 0.057, 8
3, 0.4, 0.31, 0.1, 0.2875, 0.1145, 0.0635, 0.095, 10
2, 0.605, 0.48, 0.14, 0.991, 0.4735, 0.2345, 0.24, 8
1, 0.415, 0.325, 0.14, 0.417, 0.1535, 0.1015, 0.144, 10
2, 0.535, 0.405, 0.125, 0.927, 0.26, 0.1425, 0.345, 16
1, 0.625, 0.48, 0.185, 1.2065, 0.587, 0.29, 0.286, 8
3, 0.535, 0.385, 0.18, 1.0835, 0.4955, 0.2295, 0.304, 8
1, 0.5, 0.375, 0.13, 0.721, 0.3055, 0.1725, 0.22, 14
2, 0.54, 0.44, 0.135, 0.959, 0.2385, 0.221, 0.3, 17
1, 0.72, 0.55, 0.205, 2.125, 1.1455, 0.4425, 0.511, 13
1, 0.595, 0.47, 0.145, 0.991, 0.4035, 0.1505, 0.34, 16
3, 0.4, 0.3, 0.115, 0.318, 0.1335, 0.0725, 0.0935, 6
1, 0.56, 0.45, 0.16, 0.922, 0.432, 0.178, 0.26, 15
3, 0.465, 0.345, 0.11, 0.4415, 0.1755, 0.0905, 0.12, 7
3, 0.225, 0.165, 0.055, 0.059, 0.027, 0.0125, 0.015, 4
1, 0.545, 0.44, 0.14, 0.8395, 0.356, 0.1905, 0.2385, 11
3, 0.38, 0.3, 0.1, 0.286, 0.1305, 0.056, 0.09, 7
2, 0.545, 0.43, 0.14, 0.832, 0.4355, 0.17, 0.201, 9
1, 0.6, 0.46, 0.15, 1.247, 0.5335, 0.2735, 0.29, 9
1, 0.635, 0.475, 0.17, 1.1935, 0.5205, 0.2695, 0.3665, 10
1, 0.625, 0.48, 0.18, 1.223, 0.565, 0.2975, 0.3375, 10
2, 0.515, 0.425, 0.14, 0.766, 0.304, 0.1725, 0.255, 14
2, 0.46, 0.35, 0.115, 0.44, 0.19, 0.1025, 0.13, 8
2, 0.645, 0.51, 0.155, 1.129, 0.5015, 0.24, 0.342, 10
1, 0.625, 0.48, 0.175, 1.065, 0.4865, 0.259, 0.285, 10
1, 0.65, 0.525, 0.185, 1.3455, 0.586, 0.278, 0.3865, 9
3, 0.36, 0.26, 0.09, 0.1785, 0.0645, 0.037, 0.075, 7
2, 0.545, 0.415, 0.16, 0.7715, 0.272, 0.1455, 0.2765, 10
3, 0.56, 0.44, 0.165, 0.8, 0.335, 0.1735, 0.25, 12
3, 0.225, 0.16, 0.045, 0.0465, 0.025, 0.015, 0.015, 4
2, 0.63, 0.5, 0.175, 1.1105, 0.467, 0.268, 0.329, 10
1, 0.415, 0.315, 0.125, 0.388, 0.068, 0.09, 0.125, 12
3, 0.455, 0.325, 0.135, 0.82, 0.4005, 0.1715, 0.211, 8
2, 0.6, 0.475, 0.15, 1.0075, 0.4425, 0.221, 0.28, 15
2, 0.53, 0.395, 0.115, 0.5685, 0.249, 0.1375, 0.161, 9
3, 0.335, 0.25, 0.095, 0.185, 0.0795, 0.0495, 0.055, 8
3, 0.51, 0.405, 0.12, 0.61, 0.229, 0.131, 0.235, 11
3, 0.39, 0.29, 0.1, 0.2845, 0.1255, 0.0635, 0.081, 7
1, 0.655, 0.52, 0.17, 1.1445, 0.53, 0.223, 0.348, 9
3, 0.495, 0.37, 0.125, 0.4775, 0.185, 0.0705, 0.169, 18
1, 0.57, 0.45, 0.14, 0.795, 0.3385, 0.148, 0.245, 9
1, 0.47, 0.37, 0.12, 0.5795, 0.293, 0.227, 0.14, 9
1, 0.63, 0.49, 0.16, 1.09, 0.407, 0.224, 0.354, 12
2, 0.6, 0.475, 0.155, 1.21, 0.653, 0.1695, 0.3205, 10
1, 0.655, 0.515, 0.16, 1.31, 0.553, 0.369, 0.345, 11
1, 0.55, 0.425, 0.155, 0.9175, 0.2775, 0.243, 0.335, 13
1, 0.545, 0.42, 0.125, 0.9745, 0.353, 0.174, 0.305, 13
3, 0.36, 0.265, 0.09, 0.2055, 0.096, 0.037, 0.0585, 7
2, 0.305, 0.225, 0.07, 0.1485, 0.0585, 0.0335, 0.045, 7
1, 0.42, 0.325, 0.115, 0.2885, 0.1, 0.057, 0.1135, 15
1, 0.535, 0.42, 0.13, 0.8055, 0.301, 0.181, 0.28, 14
1, 0.75, 0.55, 0.18, 1.893, 0.942, 0.397, 0.445, 11
3, 0.44, 0.34, 0.125, 0.4895, 0.1735, 0.0875, 0.2, 13
2, 0.6, 0.465, 0.16, 1.133, 0.466, 0.2885, 0.298, 11
2, 0.635, 0.49, 0.155, 1.145, 0.4775, 0.3035, 0.3155, 9
1, 0.295, 0.23, 0.085, 0.125, 0.042, 0.0285, 0.043, 8
2, 0.705, 0.57, 0.185, 1.761, 0.747, 0.3725, 0.488, 10
1, 0.385, 0.305, 0.09, 0.2775, 0.109, 0.0515, 0.1, 9
3, 0.595, 0.47, 0.135, 0.9365, 0.434, 0.184, 0.287, 10
1, 0.375, 0.285, 0.095, 0.253, 0.096, 0.0575, 0.0925, 9
3, 0.51, 0.4, 0.145, 0.5775, 0.231, 0.143, 0.177, 9
1, 0.62, 0.49, 0.15, 1.195, 0.4605, 0.302, 0.355, 9
3, 0.63, 0.475, 0.145, 1.0605, 0.5165, 0.2195, 0.28, 10
1, 0.66, 0.53, 0.195, 1.5505, 0.6505, 0.3295, 0.495, 10
1, 0.58, 0.47, 0.165, 0.9975, 0.3935, 0.242, 0.33, 10
3, 0.235, 0.175, 0.065, 0.0615, 0.0205, 0.02, 0.019, 6
3, 0.44, 0.33, 0.11, 0.38, 0.197, 0.079, 0.09, 7
2, 0.625, 0.485, 0.16, 1.254, 0.591, 0.259, 0.3485, 9
1, 0.61, 0.46, 0.16, 1, 0.494, 0.197, 0.275, 10
1, 0.55, 0.41, 0.13, 0.8705, 0.4455, 0.2115, 0.213, 9
1, 0.565, 0.445, 0.15, 0.796, 0.3635, 0.184, 0.219, 8
1, 0.53, 0.435, 0.16, 0.883, 0.316, 0.164, 0.335, 15
1, 0.255, 0.195, 0.065, 0.08, 0.0315, 0.018, 0.027, 8
3, 0.32, 0.235, 0.09, 0.183, 0.098, 0.0335, 0.042, 7
2, 0.5, 0.4, 0.125, 0.5765, 0.2395, 0.126, 0.185, 10
3, 0.505, 0.39, 0.15, 0.685, 0.362, 0.131, 0.156, 8
1, 0.68, 0.52, 0.195, 1.4535, 0.592, 0.391, 0.4125, 10
1, 0.6, 0.495, 0.195, 1.0575, 0.384, 0.19, 0.375, 26
3, 0.37, 0.28, 0.095, 0.2655, 0.122, 0.052, 0.08, 7
1, 0.595, 0.455, 0.195, 1.3305, 0.4595, 0.3235, 0.345, 19
3, 0.46, 0.35, 0.11, 0.3945, 0.1685, 0.0865, 0.125, 9
3, 0.51, 0.405, 0.13, 0.599, 0.3065, 0.1155, 0.1485, 8
1, 0.625, 0.5, 0.14, 1.096, 0.5445, 0.2165, 0.295, 10
1, 0.625, 0.515, 0.17, 1.331, 0.5725, 0.3005, 0.361, 9
2, 0.64, 0.5, 0.15, 1.2015, 0.559, 0.231, 0.3355, 9
1, 0.645, 0.49, 0.175, 1.32, 0.6525, 0.2375, 0.3385, 11
1, 0.46, 0.375, 0.14, 0.5105, 0.192, 0.1045, 0.205, 9
1, 0.63, 0.495, 0.18, 1.31, 0.495, 0.295, 0.4695, 10
2, 0.605, 0.485, 0.16, 1.222, 0.53, 0.2575, 0.28, 13
1, 0.56, 0.42, 0.15, 0.8755, 0.44, 0.1965, 0.2315, 8
2, 0.555, 0.445, 0.175, 1.1465, 0.551, 0.244, 0.2785, 8
2, 0.45, 0.35, 0.145, 0.5425, 0.1765, 0.123, 0.175, 13
3, 0.52, 0.405, 0.14, 0.6765, 0.2865, 0.146, 0.205, 15
2, 0.575, 0.43, 0.155, 0.7955, 0.3485, 0.1925, 0.22, 9
3, 0.275, 0.2, 0.055, 0.0925, 0.038, 0.021, 0.026, 4
3, 0.335, 0.255, 0.08, 0.168, 0.079, 0.0355, 0.05, 5
2, 0.475, 0.39, 0.12, 0.5305, 0.2135, 0.1155, 0.17, 10
3, 0.415, 0.31, 0.095, 0.34, 0.181, 0.057, 0.083, 6
1, 0.565, 0.43, 0.13, 0.784, 0.3495, 0.1885, 0.213, 9
1, 0.665, 0.525, 0.165, 1.338, 0.5515, 0.3575, 0.35, 18
2, 0.595, 0.465, 0.15, 0.98, 0.4115, 0.196, 0.2255, 10
3, 0.355, 0.28, 0.1, 0.2275, 0.0935, 0.0455, 0.085, 11
1, 0.605, 0.485, 0.175, 1.145, 0.4325, 0.27, 0.405, 16
2, 0.61, 0.48, 0.19, 1.2955, 0.5215, 0.3225, 0.365, 12
1, 0.5, 0.42, 0.125, 0.62, 0.255, 0.15, 0.205, 11
2, 0.545, 0.41, 0.125, 0.6935, 0.2975, 0.146, 0.21, 11
3, 0.335, 0.26, 0.1, 0.192, 0.0785, 0.0585, 0.07, 8
2, 0.62, 0.5, 0.15, 1.293, 0.596, 0.3135, 0.354, 10
3, 0.47, 0.38, 0.125, 0.4845, 0.211, 0.1075, 0.142, 6
3, 0.47, 0.375, 0.125, 0.5225, 0.2265, 0.104, 0.162, 8
3, 0.345, 0.255, 0.095, 0.183, 0.075, 0.0385, 0.06, 6
1, 0.685, 0.53, 0.17, 1.56, 0.647, 0.383, 0.465, 11
3, 0.275, 0.2, 0.065, 0.1035, 0.0475, 0.0205, 0.03, 7
1, 0.565, 0.425, 0.135, 0.8115, 0.341, 0.1675, 0.255, 15
3, 0.47, 0.36, 0.13, 0.5225, 0.198, 0.1065, 0.165, 9
3, 0.165, 0.12, 0.05, 0.021, 0.0075, 0.0045, 0.014, 3
2, 0.62, 0.5, 0.175, 1.186, 0.4985, 0.3015, 0.35, 12
2, 0.61, 0.49, 0.17, 1.3475, 0.7045, 0.25, 0.3045, 11
1, 0.6, 0.46, 0.155, 0.6655, 0.285, 0.149, 0.269, 11
2, 0.5, 0.405, 0.15, 0.5965, 0.253, 0.126, 0.185, 12
3, 0.45, 0.35, 0.13, 0.547, 0.245, 0.1405, 0.1405, 8
2, 0.55, 0.425, 0.145, 0.797, 0.297, 0.15, 0.265, 9
1, 0.535, 0.435, 0.14, 0.874, 0.3735, 0.229, 0.2195, 8
1, 0.64, 0.51, 0.19, 1.613, 0.6215, 0.361, 0.47, 14
2, 0.66, 0.53, 0.18, 1.5175, 0.7765, 0.302, 0.401, 10
2, 0.615, 0.475, 0.155, 1.027, 0.447, 0.25, 0.285, 9
2, 0.52, 0.375, 0.135, 0.5375, 0.221, 0.117, 0.17, 8
1, 0.635, 0.48, 0.145, 1.181, 0.665, 0.229, 0.225, 10
2, 0.645, 0.52, 0.18, 1.285, 0.5775, 0.352, 0.317, 9
1, 0.575, 0.45, 0.165, 0.9215, 0.3275, 0.225, 0.256, 12
1, 0.235, 0.16, 0.06, 0.0545, 0.0265, 0.0095, 0.015, 4
3, 0.395, 0.295, 0.095, 0.2725, 0.115, 0.0625, 0.085, 8
1, 0.62, 0.495, 0.175, 1.806, 0.643, 0.3285, 0.725, 17
3, 0.375, 0.28, 0.08, 0.2025, 0.0825, 0.048, 0.065, 8
2, 0.5, 0.4, 0.125, 0.6675, 0.261, 0.1315, 0.22, 10
3, 0.495, 0.375, 0.115, 0.5755, 0.31, 0.1145, 0.1395, 8
2, 0.61, 0.485, 0.15, 1.2405, 0.6025, 0.2915, 0.3085, 12
1, 0.425, 0.35, 0.105, 0.393, 0.13, 0.063, 0.165, 9
1, 0.61, 0.47, 0.16, 1.022, 0.449, 0.2345, 0.2945, 9
1, 0.62, 0.5, 0.165, 1.307, 0.6355, 0.2545, 0.315, 9
1, 0.57, 0.44, 0.175, 0.9415, 0.3805, 0.2285, 0.283, 9
2, 0.705, 0.53, 0.17, 1.564, 0.612, 0.394, 0.44, 10
1, 0.495, 0.39, 0.15, 0.853, 0.3285, 0.189, 0.27, 14
1, 0.43, 0.335, 0.115, 0.406, 0.166, 0.0935, 0.135, 8
3, 0.375, 0.28, 0.08, 0.2345, 0.1125, 0.0455, 0.067, 6
2, 0.375, 0.29, 0.08, 0.282, 0.1405, 0.0725, 0.08, 7
1, 0.565, 0.44, 0.175, 1.122, 0.393, 0.2, 0.375, 20
1, 0.68, 0.515, 0.17, 1.6115, 0.8415, 0.306, 0.395, 11
3, 0.37, 0.29, 0.08, 0.2545, 0.108, 0.0565, 0.07, 6
3, 0.465, 0.36, 0.105, 0.452, 0.22, 0.159, 0.1035, 9
1, 0.665, 0.535, 0.195, 1.606, 0.5755, 0.388, 0.48, 14
1, 0.65, 0.525, 0.19, 1.3685, 0.5975, 0.296, 0.4, 11
2, 0.525, 0.4, 0.13, 0.6995, 0.3115, 0.131, 0.223, 9
2, 0.63, 0.48, 0.165, 1.2615, 0.5505, 0.277, 0.3885, 10
1, 0.515, 0.38, 0.135, 0.6615, 0.2875, 0.2095, 0.155, 10
2, 0.465, 0.39, 0.14, 0.5555, 0.213, 0.1075, 0.215, 15
1, 0.715, 0.545, 0.18, 1.7405, 0.871, 0.347, 0.449, 10
2, 0.575, 0.46, 0.165, 0.9575, 0.4815, 0.1945, 0.236, 10
1, 0.495, 0.395, 0.135, 0.6335, 0.3035, 0.1295, 0.1495, 8
3, 0.575, 0.45, 0.135, 0.807, 0.3615, 0.176, 0.254, 10
2, 0.565, 0.45, 0.165, 0.9765, 0.322, 0.244, 0.37, 12
1, 0.51, 0.4, 0.14, 0.6515, 0.2455, 0.1665, 0.185, 10
1, 0.585, 0.47, 0.165, 1.409, 0.8, 0.229, 0.295, 10
1, 0.65, 0.525, 0.185, 1.488, 0.665, 0.337, 0.378, 11
2, 0.66, 0.535, 0.205, 1.4415, 0.5925, 0.2775, 0.49, 10
1, 0.53, 0.405, 0.15, 0.8315, 0.352, 0.187, 0.2525, 10
1, 0.62, 0.49, 0.16, 1.035, 0.44, 0.2525, 0.285, 11
3, 0.545, 0.435, 0.135, 0.7715, 0.372, 0.148, 0.227, 8
1, 0.58, 0.465, 0.16, 1.0345, 0.315, 0.26, 0.3635, 12
1, 0.585, 0.45, 0.175, 1.1275, 0.4925, 0.262, 0.335, 11
3, 0.485, 0.375, 0.11, 0.464, 0.2015, 0.09, 0.149, 8
3, 0.36, 0.275, 0.095, 0.217, 0.084, 0.0435, 0.09, 7
2, 0.64, 0.515, 0.165, 1.3115, 0.4945, 0.2555, 0.41, 10
2, 0.55, 0.465, 0.15, 1.082, 0.3575, 0.194, 0.19, 14
3, 0.265, 0.195, 0.055, 0.084, 0.0365, 0.0175, 0.025, 7
1, 0.475, 0.36, 0.14, 0.5135, 0.241, 0.1045, 0.155, 8
3, 0.58, 0.49, 0.195, 1.3165, 0.5305, 0.254, 0.41, 18
1, 0.675, 0.515, 0.15, 1.312, 0.556, 0.2845, 0.4115, 11
3, 0.405, 0.31, 0.095, 0.3425, 0.1785, 0.064, 0.0855, 8
3, 0.33, 0.225, 0.075, 0.187, 0.0945, 0.0395, 0.0425, 7
2, 0.57, 0.435, 0.14, 0.8085, 0.3235, 0.183, 0.22, 16
2, 0.575, 0.445, 0.14, 0.941, 0.3845, 0.252, 0.285, 9
1, 0.615, 0.505, 0.165, 1.34, 0.5315, 0.2815, 0.41, 12
1, 0.4, 0.29, 0.115, 0.2795, 0.1115, 0.0575, 0.075, 9
1, 0.43, 0.345, 0.115, 0.3045, 0.0925, 0.055, 0.12, 11
2, 0.545, 0.425, 0.125, 0.768, 0.294, 0.1495, 0.26, 16
2, 0.6, 0.47, 0.17, 1.0805, 0.4995, 0.2245, 0.3205, 9
2, 0.62, 0.475, 0.16, 1.3245, 0.6865, 0.233, 0.3275, 9
3, 0.45, 0.33, 0.1, 0.411, 0.1945, 0.1, 0.098, 6
2, 0.605, 0.505, 0.18, 1.434, 0.7285, 0.264, 0.431, 11
2, 0.655, 0.51, 0.16, 1.092, 0.396, 0.2825, 0.37, 14
2, 0.53, 0.41, 0.145, 0.8255, 0.375, 0.204, 0.245, 9
2, 0.655, 0.46, 0.16, 1.494, 0.6895, 0.331, 0.1825, 9
3, 0.295, 0.215, 0.085, 0.128, 0.049, 0.034, 0.04, 6
1, 0.37, 0.28, 0.1, 0.252, 0.1065, 0.0595, 0.074, 8
1, 0.64, 0.515, 0.165, 1.369, 0.632, 0.3415, 0.358, 10
1, 0.57, 0.455, 0.15, 0.96, 0.387, 0.2385, 0.275, 11
3, 0.57, 0.445, 0.145, 0.7405, 0.306, 0.172, 0.1825, 12
1, 0.65, 0.51, 0.16, 1.3835, 0.6385, 0.2905, 0.3665, 9
3, 0.435, 0.325, 0.12, 0.3995, 0.1815, 0.061, 0.1125, 8
2, 0.385, 0.315, 0.11, 0.286, 0.1225, 0.0635, 0.0835, 10
2, 0.525, 0.42, 0.16, 0.756, 0.2745, 0.173, 0.275, 9
1, 0.645, 0.5, 0.18, 1.461, 0.5985, 0.2425, 0.439, 11
2, 0.575, 0.45, 0.135, 0.8285, 0.362, 0.1655, 0.236, 10
3, 0.485, 0.365, 0.125, 0.426, 0.163, 0.0965, 0.151, 8
3, 0.35, 0.25, 0.07, 0.1605, 0.0715, 0.0335, 0.046, 6
3, 0.455, 0.345, 0.105, 0.4005, 0.164, 0.0755, 0.126, 8
3, 0.405, 0.315, 0.105, 0.347, 0.1605, 0.0785, 0.1, 9
2, 0.63, 0.515, 0.16, 1.336, 0.553, 0.3205, 0.35, 11
2, 0.525, 0.4, 0.115, 0.6295, 0.2555, 0.144, 0.18, 11
3, 0.295, 0.22, 0.085, 0.1285, 0.0585, 0.027, 0.0365, 5
3, 0.28, 0.215, 0.07, 0.124, 0.063, 0.0215, 0.03, 6
3, 0.44, 0.355, 0.12, 0.495, 0.231, 0.11, 0.125, 7
2, 0.61, 0.46, 0.145, 1.1185, 0.478, 0.2945, 0.2985, 10
3, 0.3, 0.225, 0.075, 0.1345, 0.057, 0.028, 0.044, 5
2, 0.525, 0.415, 0.17, 0.8325, 0.2755, 0.1685, 0.31, 13
1, 0.535, 0.42, 0.165, 0.9195, 0.3355, 0.1985, 0.26, 16
2, 0.575, 0.465, 0.195, 0.9965, 0.417, 0.247, 0.47, 8
3, 0.46, 0.36, 0.14, 0.447, 0.161, 0.087, 0.16, 9
3, 0.36, 0.27, 0.09, 0.2075, 0.098, 0.039, 0.062, 6
3, 0.5, 0.375, 0.145, 0.5795, 0.239, 0.1375, 0.185, 9
2, 0.65, 0.525, 0.19, 1.385, 0.8875, 0.3095, 0.405, 11
3, 0.32, 0.245, 0.08, 0.1585, 0.0635, 0.0325, 0.05, 13
2, 0.66, 0.495, 0.21, 1.548, 0.724, 0.3525, 0.3925, 10
2, 0.53, 0.425, 0.13, 0.717, 0.2115, 0.166, 0.255, 13
3, 0.355, 0.27, 0.1, 0.216, 0.083, 0.037, 0.075, 10
3, 0.54, 0.425, 0.135, 0.686, 0.3475, 0.1545, 0.213, 8
2, 0.455, 0.35, 0.125, 0.4485, 0.1585, 0.102, 0.1335, 16
2, 0.6, 0.45, 0.14, 0.869, 0.3425, 0.195, 0.291, 11
1, 0.62, 0.51, 0.175, 1.2815, 0.5715, 0.2385, 0.39, 10
3, 0.555, 0.43, 0.15, 0.783, 0.345, 0.1755, 0.247, 9
3, 0.17, 0.125, 0.055, 0.0235, 0.009, 0.0055, 0.008, 6
3, 0.335, 0.255, 0.085, 0.1785, 0.071, 0.0405, 0.055, 9
1, 0.405, 0.31, 0.1, 0.385, 0.173, 0.0915, 0.11, 7
2, 0.4, 0.305, 0.16, 0.368, 0.173, 0.0705, 0.105, 7
1, 0.335, 0.265, 0.105, 0.222, 0.0935, 0.056, 0.075, 7
2, 0.665, 0.52, 0.165, 1.6885, 0.7295, 0.407, 0.4265, 11
2, 0.49, 0.365, 0.145, 0.6345, 0.1995, 0.1625, 0.22, 10
3, 0.445, 0.33, 0.1, 0.437, 0.163, 0.0755, 0.17, 13
2, 0.4, 0.325, 0.12, 0.3185, 0.134, 0.0565, 0.095, 8
2, 0.585, 0.46, 0.17, 1.0835, 0.3745, 0.326, 0.325, 14
2, 0.645, 0.49, 0.16, 1.1665, 0.4935, 0.3155, 0.299, 9
1, 0.575, 0.455, 0.185, 1.156, 0.5525, 0.243, 0.295, 13
1, 0.57, 0.45, 0.155, 1.1935, 0.513, 0.21, 0.343, 10
1, 0.635, 0.515, 0.165, 1.229, 0.5055, 0.2975, 0.3535, 10
2, 0.655, 0.49, 0.16, 1.204, 0.5455, 0.2615, 0.3225, 9
1, 0.615, 0.47, 0.145, 1.0285, 0.4435, 0.2825, 0.285, 11
3, 0.485, 0.38, 0.125, 0.5215, 0.2215, 0.118, 0.16, 8
1, 0.6, 0.465, 0.18, 1.193, 0.5145, 0.315, 0.3055, 8
2, 0.49, 0.38, 0.145, 0.6725, 0.249, 0.181, 0.21, 10
3, 0.34, 0.26, 0.09, 0.179, 0.076, 0.0525, 0.055, 6
1, 0.465, 0.36, 0.105, 0.488, 0.188, 0.0845, 0.19, 10
2, 0.575, 0.465, 0.14, 0.958, 0.442, 0.1815, 0.2705, 9
3, 0.53, 0.395, 0.115, 0.475, 0.2025, 0.101, 0.148, 8
