@relation abalone
@attribute Sex integer [1, 3]
@attribute Length real [0.075, 0.815]
@attribute Diameter real [0.055, 0.65]
@attribute Height real [0.0, 1.13]
@attribute Whole_weight real [0.0020, 2.8255]
@attribute Shucked_weight real [0.0010, 1.488]
@attribute Viscera_weight real [5.0E-4, 0.76]
@attribute Shell_weight real [0.0015, 1.005]
@attribute Rings integer [1, 29]
@inputs Sex, Length, Diameter, Height, Whole_weight, Shucked_weight, Viscera_weight, Shell_weight
@outputs Rings
@data
1, 0.505, 0.365, 0.115, 0.521, 0.25, 0.096, 0.15, 8
1, 0.645, 0.525, 0.16, 1.5075, 0.7455, 0.245, 0.4325, 11
1, 0.59, 0.49, 0.165, 1.207, 0.559, 0.235, 0.309, 10
2, 0.555, 0.44, 0.155, 1.016, 0.4935, 0.1855, 0.263, 10
2, 0.605, 0.45, 0.165, 1.2225, 0.357, 0.202, 0.385, 13
1, 0.565, 0.47, 0.195, 1.142, 0.387, 0.258, 0.35, 17
3, 0.545, 0.43, 0.14, 0.687, 0.2615, 0.1405, 0.25, 9
1, 0.54, 0.405, 0.155, 0.9715, 0.3225, 0.194, 0.29, 19
3, 0.325, 0.25, 0.08, 0.1735, 0.0765, 0.0345, 0.049, 7
2, 0.655, 0.51, 0.155, 1.2895, 0.5345, 0.2855, 0.41, 11
3, 0.32, 0.235, 0.065, 0.1385, 0.058, 0.0225, 0.05, 5
2, 0.55, 0.465, 0.18, 1.2125, 0.3245, 0.205, 0.525, 27
2, 0.56, 0.455, 0.125, 0.943, 0.344, 0.129, 0.375, 21
1, 0.61, 0.485, 0.17, 1.281, 0.597, 0.3035, 0.33, 9
1, 0.455, 0.345, 0.125, 0.44, 0.169, 0.1065, 0.135, 12
1, 0.7, 0.525, 0.175, 1.7585, 0.8745, 0.3615, 0.47, 10
3, 0.51, 0.385, 0.145, 0.7665, 0.3985, 0.14, 0.1805, 8
1, 0.6, 0.48, 0.09, 1.05, 0.457, 0.2685, 0.28, 8
2, 0.56, 0.435, 0.15, 0.8715, 0.4755, 0.1835, 0.1835, 9
1, 0.72, 0.585, 0.22, 1.914, 0.9155, 0.448, 0.479, 11
1, 0.615, 0.505, 0.19, 1.403, 0.6715, 0.2925, 0.365, 8
2, 0.58, 0.45, 0.15, 0.92, 0.393, 0.212, 0.2895, 9
1, 0.74, 0.605, 0.2, 2.4925, 1.1455, 0.575, 0.5235, 13
3, 0.42, 0.315, 0.11, 0.4025, 0.1855, 0.083, 0.1015, 8
1, 0.385, 0.3, 0.115, 0.3435, 0.1645, 0.085, 0.1025, 6
3, 0.345, 0.265, 0.1, 0.2455, 0.111, 0.0535, 0.065, 7
2, 0.5, 0.395, 0.15, 0.7145, 0.3235, 0.173, 0.195, 9
3, 0.55, 0.42, 0.155, 0.912, 0.495, 0.1805, 0.205, 9
2, 0.575, 0.45, 0.16, 0.9775, 0.3135, 0.231, 0.33, 12
3, 0.55, 0.415, 0.15, 0.7915, 0.3535, 0.176, 0.236, 10
1, 0.585, 0.47, 0.145, 0.9565, 0.4025, 0.2365, 0.265, 9
3, 0.55, 0.445, 0.145, 0.783, 0.3045, 0.157, 0.265, 11
2, 0.6, 0.47, 0.19, 1.1345, 0.492, 0.2595, 0.3375, 10
1, 0.445, 0.345, 0.14, 0.476, 0.2055, 0.1015, 0.1085, 15
3, 0.445, 0.345, 0.13, 0.4075, 0.1365, 0.0645, 0.18, 11
1, 0.59, 0.44, 0.135, 0.966, 0.439, 0.2145, 0.2605, 10
1, 0.605, 0.49, 0.145, 1.3, 0.517, 0.3285, 0.31, 14
3, 0.43, 0.315, 0.115, 0.384, 0.1885, 0.0715, 0.11, 8
2, 0.645, 0.5, 0.18, 1.2785, 0.5345, 0.2995, 0.345, 13
1, 0.595, 0.47, 0.15, 0.8915, 0.359, 0.2105, 0.245, 12
1, 0.555, 0.44, 0.145, 0.85, 0.4165, 0.1685, 0.23, 8
2, 0.48, 0.39, 0.125, 0.6905, 0.219, 0.155, 0.2, 12
2, 0.505, 0.4, 0.125, 0.583, 0.246, 0.13, 0.175, 7
2, 0.62, 0.475, 0.16, 1.1295, 0.463, 0.2685, 0.33, 10
2, 0.605, 0.48, 0.15, 1.079, 0.4505, 0.2835, 0.293, 10
2, 0.67, 0.52, 0.15, 1.406, 0.519, 0.348, 0.37, 13
1, 0.61, 0.48, 0.165, 1.244, 0.6345, 0.257, 0.305, 12
2, 0.635, 0.5, 0.18, 1.2565, 0.539, 0.292, 0.35, 10
2, 0.675, 0.52, 0.175, 1.494, 0.7365, 0.3055, 0.37, 9
1, 0.72, 0.545, 0.195, 1.7475, 0.8215, 0.383, 0.4705, 11
1, 0.475, 0.37, 0.125, 0.5095, 0.2165, 0.1125, 0.165, 9
2, 0.55, 0.43, 0.125, 0.923, 0.4035, 0.175, 0.283, 8
1, 0.65, 0.51, 0.19, 1.542, 0.7155, 0.3735, 0.375, 9
3, 0.385, 0.28, 0.095, 0.257, 0.119, 0.059, 0.07, 7
2, 0.66, 0.535, 0.175, 1.5175, 0.711, 0.3125, 0.415, 12
2, 0.405, 0.325, 0.11, 0.3575, 0.145, 0.0725, 0.11, 12
1, 0.62, 0.51, 0.175, 1.1505, 0.4375, 0.2265, 0.4, 12
3, 0.485, 0.365, 0.105, 0.5205, 0.195, 0.123, 0.182, 8
2, 0.535, 0.425, 0.135, 0.771, 0.3765, 0.1815, 0.1795, 8
1, 0.36, 0.295, 0.13, 0.2765, 0.0895, 0.057, 0.1005, 10
1, 0.46, 0.345, 0.11, 0.4595, 0.235, 0.0885, 0.116, 7
3, 0.52, 0.38, 0.13, 0.5345, 0.2375, 0.122, 0.1535, 8
1, 0.66, 0.53, 0.17, 1.3905, 0.5905, 0.212, 0.453, 15
2, 0.405, 0.305, 0.095, 0.3485, 0.1455, 0.0895, 0.1, 9
2, 0.6, 0.46, 0.145, 0.9325, 0.3985, 0.2245, 0.248, 8
1, 0.47, 0.37, 0.13, 0.5225, 0.201, 0.133, 0.165, 7
2, 0.6, 0.485, 0.165, 1.1405, 0.587, 0.2175, 0.288, 9
1, 0.63, 0.465, 0.15, 1.027, 0.537, 0.188, 0.176, 8
2, 0.58, 0.46, 0.185, 1.017, 0.3515, 0.2, 0.32, 10
1, 0.43, 0.335, 0.12, 0.397, 0.1985, 0.0865, 0.1035, 7
2, 0.475, 0.36, 0.12, 0.5915, 0.3245, 0.11, 0.127, 6
3, 0.365, 0.27, 0.09, 0.2155, 0.1005, 0.049, 0.0655, 6
3, 0.295, 0.215, 0.075, 0.116, 0.037, 0.0295, 0.04, 8
3, 0.5, 0.38, 0.11, 0.494, 0.218, 0.09, 0.1325, 7
1, 0.73, 0.585, 0.225, 2.2305, 1.2395, 0.422, 0.563, 14
1, 0.685, 0.52, 0.15, 1.343, 0.4635, 0.292, 0.4, 13
2, 0.605, 0.495, 0.17, 1.2385, 0.528, 0.2465, 0.39, 14
3, 0.57, 0.43, 0.145, 0.833, 0.354, 0.144, 0.2815, 10
3, 0.415, 0.33, 0.09, 0.3595, 0.17, 0.081, 0.09, 6
1, 0.51, 0.405, 0.13, 0.7175, 0.3725, 0.158, 0.17, 9
2, 0.595, 0.475, 0.165, 1.148, 0.444, 0.214, 0.37, 10
1, 0.61, 0.47, 0.17, 1.1185, 0.5225, 0.2405, 0.31, 9
1, 0.335, 0.26, 0.075, 0.22, 0.0855, 0.04, 0.085, 6
1, 0.525, 0.385, 0.1, 0.5115, 0.246, 0.1005, 0.1455, 8
2, 0.615, 0.515, 0.135, 1.1215, 0.545, 0.2305, 0.29, 9
1, 0.675, 0.525, 0.185, 1.587, 0.6935, 0.336, 0.395, 13
2, 0.695, 0.55, 0.155, 1.8495, 0.767, 0.442, 0.4175, 10
1, 0.63, 0.485, 0.175, 1.3, 0.4335, 0.2945, 0.46, 23
3, 0.49, 0.385, 0.14, 0.5425, 0.198, 0.127, 0.175, 11
1, 0.59, 0.485, 0.12, 0.911, 0.39, 0.182, 0.29, 16
1, 0.21, 0.15, 0.05, 0.0385, 0.0155, 0.0085, 0.01, 3
1, 0.55, 0.43, 0.15, 0.8745, 0.413, 0.1905, 0.248, 9
1, 0.505, 0.39, 0.105, 0.6555, 0.2595, 0.18, 0.19, 11
1, 0.38, 0.27, 0.095, 0.219, 0.0835, 0.0515, 0.07, 6
3, 0.58, 0.47, 0.15, 0.907, 0.444, 0.1855, 0.2445, 11
3, 0.46, 0.345, 0.12, 0.4155, 0.198, 0.0885, 0.107, 7
1, 0.645, 0.51, 0.16, 1.33, 0.6665, 0.309, 0.317, 9
2, 0.645, 0.515, 0.175, 1.546, 0.7035, 0.365, 0.415, 10
2, 0.705, 0.545, 0.17, 1.58, 0.6435, 0.4565, 0.265, 11
2, 0.71, 0.565, 0.195, 1.7265, 0.638, 0.3365, 0.565, 17
1, 0.64, 0.52, 0.2, 1.407, 0.566, 0.304, 0.455, 17
3, 0.28, 0.21, 0.065, 0.111, 0.0425, 0.0285, 0.03, 6
1, 0.27, 0.195, 0.08, 0.1, 0.0385, 0.0195, 0.03, 6
2, 0.61, 0.485, 0.165, 1.0915, 0.3935, 0.2435, 0.33, 18
1, 0.45, 0.35, 0.1, 0.3675, 0.1465, 0.1015, 0.12, 10
1, 0.57, 0.48, 0.18, 0.9395, 0.399, 0.2, 0.295, 14
1, 0.495, 0.4, 0.12, 0.6605, 0.2605, 0.161, 0.19, 15
1, 0.61, 0.48, 0.14, 1.0625, 0.516, 0.225, 0.2915, 11
1, 0.57, 0.43, 0.12, 1.0615, 0.348, 0.167, 0.31, 15
3, 0.605, 0.48, 0.155, 0.9995, 0.425, 0.1985, 0.3, 10
3, 0.44, 0.305, 0.115, 0.379, 0.162, 0.091, 0.11, 9
3, 0.36, 0.25, 0.115, 0.465, 0.21, 0.1055, 0.128, 7
1, 0.275, 0.2, 0.08, 0.099, 0.037, 0.024, 0.03, 5
2, 0.465, 0.35, 0.125, 0.482, 0.23, 0.106, 0.1095, 6
2, 0.655, 0.54, 0.215, 1.5555, 0.695, 0.296, 0.444, 11
1, 0.49, 0.38, 0.14, 0.7605, 0.245, 0.167, 0.185, 10
3, 0.17, 0.105, 0.035, 0.034, 0.012, 0.0085, 0.005, 4
1, 0.53, 0.405, 0.125, 0.6515, 0.2715, 0.1605, 0.186, 7
2, 0.705, 0.555, 0.2, 1.4685, 0.4715, 0.3235, 0.52, 19
2, 0.57, 0.465, 0.18, 1.295, 0.339, 0.2225, 0.44, 12
2, 0.525, 0.43, 0.125, 0.813, 0.3315, 0.166, 0.1775, 12
2, 0.335, 0.22, 0.07, 0.17, 0.076, 0.0365, 0.05, 6
1, 0.53, 0.415, 0.14, 0.724, 0.3105, 0.1675, 0.205, 10
2, 0.6, 0.48, 0.17, 1.056, 0.4575, 0.2435, 0.3135, 10
2, 0.64, 0.495, 0.17, 1.2265, 0.49, 0.377, 0.2875, 11
3, 0.315, 0.23, 0.07, 0.144, 0.053, 0.0305, 0.04, 8
1, 0.665, 0.525, 0.175, 1.443, 0.6635, 0.3845, 0.353, 11
1, 0.535, 0.43, 0.155, 0.7845, 0.3285, 0.169, 0.245, 10
3, 0.395, 0.295, 0.09, 0.3025, 0.143, 0.0665, 0.0765, 5
3, 0.255, 0.195, 0.055, 0.0725, 0.0285, 0.017, 0.021, 4
2, 0.52, 0.405, 0.115, 0.776, 0.32, 0.1845, 0.22, 8
1, 0.425, 0.305, 0.11, 0.359, 0.173, 0.0875, 0.0975, 9
3, 0.34, 0.245, 0.085, 0.2015, 0.1005, 0.038, 0.053, 6
1, 0.58, 0.46, 0.155, 1.4395, 0.6715, 0.273, 0.2955, 10
1, 0.605, 0.49, 0.14, 0.9755, 0.419, 0.206, 0.315, 10
2, 0.575, 0.48, 0.15, 0.8745, 0.375, 0.193, 0.29, 12
1, 0.615, 0.47, 0.155, 1.2, 0.5085, 0.32, 0.292, 8
2, 0.57, 0.45, 0.16, 0.9715, 0.3965, 0.255, 0.26, 12
1, 0.57, 0.415, 0.13, 0.88, 0.4275, 0.1955, 0.238, 13
1, 0.525, 0.435, 0.155, 1.065, 0.486, 0.233, 0.285, 8
3, 0.565, 0.465, 0.15, 1.1815, 0.581, 0.2215, 0.3095, 9
2, 0.735, 0.565, 0.225, 2.037, 0.87, 0.5145, 0.5675, 13
3, 0.43, 0.32, 0.11, 0.3675, 0.1675, 0.102, 0.105, 8
1, 0.635, 0.525, 0.16, 1.195, 0.5435, 0.246, 0.335, 12
1, 0.575, 0.48, 0.15, 0.9465, 0.4355, 0.2605, 0.2505, 9
3, 0.255, 0.185, 0.07, 0.075, 0.028, 0.018, 0.025, 6
3, 0.41, 0.305, 0.095, 0.2625, 0.1, 0.0515, 0.09, 6
3, 0.325, 0.25, 0.08, 0.176, 0.0595, 0.0355, 0.063, 7
2, 0.595, 0.465, 0.14, 1.113, 0.5175, 0.244, 0.305, 12
1, 0.425, 0.325, 0.095, 0.3785, 0.1705, 0.08, 0.1, 7
1, 0.545, 0.45, 0.15, 0.7805, 0.3795, 0.1625, 0.216, 8
2, 0.685, 0.525, 0.175, 1.71, 0.5415, 0.309, 0.58, 16
1, 0.635, 0.5, 0.17, 1.4345, 0.611, 0.309, 0.418, 12
1, 0.49, 0.465, 0.125, 0.5225, 0.235, 0.13, 0.141, 7
1, 0.64, 0.51, 0.175, 1.368, 0.515, 0.266, 0.57, 21
3, 0.53, 0.42, 0.185, 0.752, 0.299, 0.156, 0.205, 20
3, 0.52, 0.395, 0.125, 0.5805, 0.2445, 0.146, 0.165, 9
3, 0.435, 0.335, 0.1, 0.3295, 0.129, 0.07, 0.11, 7
1, 0.625, 0.5, 0.195, 1.369, 0.5875, 0.2185, 0.37, 17
2, 0.665, 0.515, 0.185, 1.3405, 0.5595, 0.293, 0.4375, 11
3, 0.23, 0.17, 0.05, 0.057, 0.026, 0.013, 0.016, 5
2, 0.57, 0.44, 0.125, 0.865, 0.3675, 0.1725, 0.27, 12
2, 0.425, 0.325, 0.135, 0.382, 0.1465, 0.079, 0.14, 12
2, 0.435, 0.35, 0.12, 0.4585, 0.192, 0.1, 0.13, 11
2, 0.47, 0.375, 0.12, 0.6015, 0.2765, 0.1455, 0.135, 8
2, 0.525, 0.41, 0.115, 0.7745, 0.416, 0.163, 0.18, 7
1, 0.625, 0.5, 0.13, 1.082, 0.5785, 0.2045, 0.25, 8
2, 0.58, 0.44, 0.175, 1.073, 0.4005, 0.2345, 0.335, 19
3, 0.45, 0.36, 0.13, 0.478, 0.191, 0.127, 0.137, 7
3, 0.44, 0.35, 0.12, 0.375, 0.1425, 0.0965, 0.115, 9
3, 0.415, 0.305, 0.12, 0.336, 0.165, 0.076, 0.0805, 7
3, 0.485, 0.365, 0.14, 0.4475, 0.1895, 0.0925, 0.2305, 8
2, 0.6, 0.46, 0.155, 0.9735, 0.427, 0.2045, 0.3, 8
3, 0.3, 0.22, 0.09, 0.1425, 0.057, 0.0335, 0.043, 7
1, 0.55, 0.42, 0.17, 0.8465, 0.336, 0.2405, 0.245, 13
2, 0.61, 0.49, 0.17, 1.1775, 0.5655, 0.2385, 0.295, 15
1, 0.505, 0.4, 0.155, 0.8415, 0.2715, 0.1775, 0.285, 12
1, 0.595, 0.455, 0.145, 0.942, 0.43, 0.182, 0.277, 11
1, 0.56, 0.425, 0.135, 0.9415, 0.509, 0.2015, 0.1975, 9
2, 0.485, 0.395, 0.16, 0.66, 0.2475, 0.128, 0.235, 14
3, 0.38, 0.275, 0.095, 0.2425, 0.106, 0.0485, 0.21, 6
3, 0.565, 0.435, 0.155, 0.782, 0.2715, 0.168, 0.285, 14
3, 0.19, 0.145, 0.04, 0.038, 0.0165, 0.0065, 0.015, 4
1, 0.28, 0.21, 0.08, 0.1085, 0.041, 0.0265, 0.0345, 7
2, 0.575, 0.435, 0.155, 0.8975, 0.4115, 0.2325, 0.23, 9
1, 0.53, 0.44, 0.205, 0.835, 0.32, 0.2175, 0.245, 14
2, 0.55, 0.43, 0.14, 0.8105, 0.368, 0.161, 0.275, 9
3, 0.435, 0.335, 0.11, 0.334, 0.1355, 0.0775, 0.0965, 7
1, 0.48, 0.375, 0.12, 0.5895, 0.2535, 0.128, 0.172, 11
3, 0.42, 0.305, 0.09, 0.328, 0.168, 0.0615, 0.082, 6
2, 0.385, 0.3, 0.1, 0.2725, 0.1115, 0.057, 0.08, 6
1, 0.59, 0.48, 0.16, 1.262, 0.5685, 0.2725, 0.335, 9
3, 0.37, 0.27, 0.095, 0.232, 0.1325, 0.041, 0.0615, 6
1, 0.515, 0.395, 0.12, 0.646, 0.285, 0.1365, 0.172, 9
1, 0.36, 0.295, 0.105, 0.241, 0.0865, 0.053, 0.095, 8
2, 0.62, 0.495, 0.17, 1.062, 0.372, 0.213, 0.34, 11
3, 0.505, 0.385, 0.125, 0.596, 0.245, 0.097, 0.21, 9
1, 0.37, 0.28, 0.105, 0.234, 0.0905, 0.0585, 0.075, 9
1, 0.6, 0.465, 0.155, 1.0165, 0.512, 0.2465, 0.225, 10
2, 0.67, 0.515, 0.17, 1.4265, 0.6605, 0.3395, 0.37, 11
2, 0.55, 0.415, 0.135, 0.8145, 0.427, 0.1855, 0.175, 8
1, 0.535, 0.435, 0.15, 0.725, 0.269, 0.1385, 0.25, 9
3, 0.235, 0.18, 0.06, 0.058, 0.022, 0.0145, 0.018, 6
1, 0.59, 0.49, 0.135, 1.008, 0.422, 0.2245, 0.285, 11
3, 0.32, 0.215, 0.095, 0.305, 0.14, 0.067, 0.0885, 6
3, 0.435, 0.33, 0.105, 0.335, 0.156, 0.0555, 0.105, 8
3, 0.52, 0.385, 0.115, 0.581, 0.2555, 0.156, 0.143, 10
2, 0.68, 0.515, 0.175, 1.6185, 0.5125, 0.409, 0.62, 12
3, 0.54, 0.405, 0.15, 0.7585, 0.307, 0.2075, 0.19, 10
3, 0.57, 0.435, 0.17, 0.848, 0.4, 0.166, 0.25, 9
3, 0.55, 0.45, 0.14, 0.753, 0.3445, 0.1325, 0.24, 8
1, 0.57, 0.46, 0.15, 1.0375, 0.5415, 0.2035, 0.25, 9
3, 0.51, 0.405, 0.125, 0.6795, 0.3465, 0.1395, 0.182, 8
1, 0.605, 0.475, 0.145, 0.884, 0.3835, 0.1905, 0.27, 8
3, 0.475, 0.34, 0.105, 0.4535, 0.203, 0.08, 0.1465, 9
1, 0.685, 0.505, 0.19, 1.533, 0.667, 0.4055, 0.41, 10
3, 0.43, 0.325, 0.1, 0.3645, 0.1575, 0.0825, 0.105, 7
2, 0.575, 0.45, 0.16, 1.068, 0.556, 0.214, 0.2575, 10
2, 0.505, 0.4, 0.165, 0.729, 0.2675, 0.155, 0.25, 9
2, 0.605, 0.47, 0.165, 1.1775, 0.611, 0.2275, 0.292, 9
3, 0.46, 0.355, 0.11, 0.4255, 0.2015, 0.081, 0.13, 7
1, 0.455, 0.375, 0.125, 0.484, 0.2155, 0.102, 0.165, 7
3, 0.375, 0.28, 0.08, 0.2165, 0.0935, 0.0925, 0.07, 7
2, 0.635, 0.5, 0.165, 1.4595, 0.705, 0.2645, 0.39, 9
3, 0.315, 0.235, 0.055, 0.151, 0.065, 0.027, 0.039, 6
3, 0.465, 0.375, 0.12, 0.471, 0.222, 0.119, 0.14, 9
1, 0.605, 0.5, 0.175, 1.098, 0.4765, 0.232, 0.375, 12
1, 0.51, 0.395, 0.125, 0.5805, 0.244, 0.1335, 0.188, 11
3, 0.425, 0.315, 0.08, 0.303, 0.131, 0.0585, 0.095, 7
2, 0.415, 0.34, 0.13, 0.3675, 0.146, 0.0885, 0.12, 10
1, 0.57, 0.42, 0.155, 1.008, 0.377, 0.193, 0.34, 13
1, 0.595, 0.48, 0.165, 1.262, 0.4835, 0.283, 0.41, 17
3, 0.325, 0.25, 0.075, 0.1585, 0.075, 0.0305, 0.0455, 6
2, 0.585, 0.45, 0.17, 0.8685, 0.3325, 0.1635, 0.27, 22
1, 0.63, 0.51, 0.17, 1.1885, 0.4915, 0.3065, 0.348, 7
1, 0.615, 0.495, 0.2, 1.219, 0.564, 0.227, 0.3885, 10
1, 0.53, 0.43, 0.135, 0.879, 0.28, 0.2165, 0.25, 10
1, 0.38, 0.285, 0.1, 0.2665, 0.115, 0.061, 0.075, 11
3, 0.55, 0.425, 0.15, 0.7665, 0.339, 0.176, 0.21, 8
2, 0.635, 0.51, 0.17, 1.2235, 0.532, 0.271, 0.354, 9
2, 0.62, 0.505, 0.16, 1.3725, 0.6285, 0.275, 0.3685, 11
3, 0.525, 0.405, 0.125, 0.657, 0.2985, 0.1505, 0.168, 10
2, 0.565, 0.45, 0.185, 0.9285, 0.302, 0.1805, 0.265, 12
3, 0.2, 0.155, 0.04, 0.0435, 0.0155, 0.009, 0.007, 4
1, 0.645, 0.51, 0.16, 1.1835, 0.556, 0.2385, 0.345, 11
3, 0.275, 0.2, 0.065, 0.1165, 0.0565, 0.013, 0.035, 7
3, 0.36, 0.265, 0.085, 0.1865, 0.0675, 0.037, 0.0615, 7
2, 0.65, 0.495, 0.155, 1.337, 0.615, 0.3195, 0.335, 9
3, 0.3, 0.235, 0.08, 0.131, 0.05, 0.0265, 0.043, 4
2, 0.63, 0.495, 0.2, 1.4255, 0.659, 0.336, 0.38, 11
3, 0.395, 0.325, 0.105, 0.306, 0.111, 0.0735, 0.095, 8
2, 0.61, 0.43, 0.14, 0.909, 0.438, 0.2, 0.22, 8
2, 0.62, 0.47, 0.2, 1.2255, 0.381, 0.27, 0.435, 23
3, 0.44, 0.325, 0.11, 0.4965, 0.258, 0.1195, 0.1075, 8
3, 0.405, 0.305, 0.1, 0.271, 0.0965, 0.061, 0.091, 7
1, 0.575, 0.445, 0.145, 0.847, 0.415, 0.1945, 0.22, 9
2, 0.73, 0.57, 0.165, 2.0165, 1.0685, 0.418, 0.435, 10
3, 0.385, 0.265, 0.08, 0.251, 0.124, 0.037, 0.07, 6
3, 0.28, 0.21, 0.085, 0.1065, 0.039, 0.0295, 0.03, 4
2, 0.595, 0.47, 0.155, 1.121, 0.4515, 0.178, 0.155, 11
1, 0.615, 0.475, 0.175, 1.103, 0.4635, 0.3095, 0.2725, 10
3, 0.45, 0.36, 0.125, 0.45, 0.191, 0.0865, 0.145, 12
2, 0.555, 0.455, 0.18, 0.958, 0.296, 0.195, 0.39, 14
1, 0.59, 0.44, 0.15, 0.9555, 0.366, 0.2425, 0.295, 11
2, 0.645, 0.505, 0.165, 1.318, 0.55, 0.3015, 0.335, 11
2, 0.605, 0.495, 0.19, 1.437, 0.469, 0.2655, 0.41, 15
3, 0.465, 0.355, 0.11, 0.474, 0.23, 0.1005, 0.12, 7
3, 0.34, 0.26, 0.085, 0.1885, 0.0815, 0.0335, 0.06, 6
3, 0.385, 0.29, 0.085, 0.2505, 0.112, 0.061, 0.08, 8
1, 0.48, 0.395, 0.15, 0.6815, 0.2145, 0.1405, 0.2495, 18
3, 0.49, 0.375, 0.125, 0.5445, 0.279, 0.115, 0.13, 8
2, 0.49, 0.4, 0.145, 0.6635, 0.21, 0.1295, 0.2515, 13
2, 0.52, 0.4, 0.125, 0.6865, 0.295, 0.1715, 0.185, 9
2, 0.525, 0.425, 0.16, 0.8355, 0.3545, 0.2135, 0.245, 9
2, 0.37, 0.28, 0.11, 0.2305, 0.0945, 0.0465, 0.075, 10
1, 0.54, 0.41, 0.145, 0.989, 0.2815, 0.213, 0.355, 19
2, 0.705, 0.55, 0.17, 1.219, 0.6395, 0.236, 0.301, 9
1, 0.6, 0.465, 0.2, 1.259, 0.6405, 0.1985, 0.357, 9
1, 0.55, 0.44, 0.155, 0.9155, 0.3645, 0.195, 0.25, 8
2, 0.59, 0.445, 0.13, 1.1325, 0.3825, 0.234, 0.32, 13
2, 0.53, 0.41, 0.165, 0.8115, 0.24, 0.169, 0.24, 19
3, 0.51, 0.4, 0.15, 0.745, 0.2865, 0.1675, 0.235, 13
1, 0.64, 0.505, 0.155, 1.1955, 0.5565, 0.211, 0.346, 11
3, 0.475, 0.355, 0.135, 0.4775, 0.2145, 0.09, 0.1435, 8
1, 0.575, 0.4, 0.155, 0.9325, 0.3605, 0.2445, 0.3, 17
2, 0.53, 0.405, 0.13, 0.6355, 0.2635, 0.1565, 0.185, 9
2, 0.58, 0.435, 0.155, 0.8785, 0.425, 0.1685, 0.2425, 10
1, 0.6, 0.49, 0.21, 1.9875, 1.005, 0.419, 0.491, 10
2, 0.8, 0.63, 0.195, 2.526, 0.933, 0.59, 0.62, 23
1, 0.515, 0.35, 0.155, 0.9225, 0.4185, 0.198, 0.273, 9
2, 0.64, 0.48, 0.145, 1.1145, 0.508, 0.24, 0.34, 10
1, 0.525, 0.405, 0.13, 0.7185, 0.3265, 0.1975, 0.175, 8
1, 0.58, 0.45, 0.14, 0.9615, 0.486, 0.1815, 0.253, 9
2, 0.58, 0.45, 0.195, 0.8265, 0.4035, 0.173, 0.225, 9
2, 0.625, 0.47, 0.145, 0.984, 0.475, 0.2, 0.265, 11
2, 0.425, 0.35, 0.1, 0.4425, 0.175, 0.0755, 0.175, 7
2, 0.565, 0.48, 0.175, 0.957, 0.3885, 0.215, 0.275, 18
2, 0.64, 0.48, 0.195, 1.1435, 0.4915, 0.2345, 0.353, 9
2, 0.62, 0.5, 0.175, 1.146, 0.477, 0.23, 0.39, 13
3, 0.255, 0.19, 0.05, 0.083, 0.0295, 0.0215, 0.027, 6
2, 0.595, 0.485, 0.145, 1.2515, 0.5035, 0.2925, 0.33, 14
3, 0.475, 0.365, 0.12, 0.5185, 0.268, 0.1095, 0.1365, 8
3, 0.375, 0.275, 0.1, 0.2325, 0.1165, 0.042, 0.065, 6
1, 0.345, 0.255, 0.08, 0.169, 0.06, 0.0425, 0.054, 10
1, 0.45, 0.36, 0.16, 0.567, 0.174, 0.1245, 0.225, 12
1, 0.545, 0.39, 0.135, 0.7835, 0.4225, 0.1815, 0.156, 7
2, 0.62, 0.465, 0.14, 1.1605, 0.6005, 0.2195, 0.307, 9
3, 0.37, 0.275, 0.1, 0.2815, 0.1505, 0.0505, 0.068, 5
2, 0.635, 0.52, 0.165, 1.3405, 0.5065, 0.296, 0.412, 11
3, 0.38, 0.285, 0.09, 0.2305, 0.1005, 0.039, 0.0775, 7
1, 0.69, 0.55, 0.18, 1.6915, 0.6655, 0.402, 0.5, 11
2, 0.66, 0.475, 0.18, 1.3695, 0.641, 0.294, 0.335, 6
3, 0.345, 0.275, 0.095, 0.1995, 0.0755, 0.0535, 0.07, 6
2, 0.585, 0.455, 0.17, 0.9945, 0.4255, 0.263, 0.2845, 11
1, 0.55, 0.46, 0.175, 0.869, 0.3155, 0.1825, 0.32, 10
3, 0.55, 0.44, 0.165, 0.8605, 0.312, 0.169, 0.3, 17
3, 0.305, 0.225, 0.09, 0.1465, 0.063, 0.034, 0.0415, 6
3, 0.37, 0.28, 0.085, 0.217, 0.1095, 0.035, 0.062, 6
1, 0.505, 0.38, 0.13, 0.656, 0.227, 0.1785, 0.22, 13
1, 0.725, 0.575, 0.24, 2.21, 1.351, 0.413, 0.5015, 13
3, 0.275, 0.2, 0.075, 0.086, 0.0305, 0.019, 0.03, 7
2, 0.525, 0.405, 0.16, 0.658, 0.2655, 0.1125, 0.225, 12
3, 0.285, 0.205, 0.07, 0.106, 0.039, 0.0285, 0.034, 5
3, 0.325, 0.25, 0.055, 0.166, 0.076, 0.051, 0.045, 5
2, 0.63, 0.485, 0.17, 1.3205, 0.5945, 0.345, 0.345, 9
1, 0.52, 0.45, 0.15, 0.895, 0.3615, 0.186, 0.235, 14
1, 0.525, 0.4, 0.13, 0.622, 0.2655, 0.147, 0.184, 9
1, 0.465, 0.36, 0.105, 0.431, 0.172, 0.107, 0.175, 9
3, 0.525, 0.405, 0.145, 0.6965, 0.3045, 0.1535, 0.21, 8
3, 0.435, 0.335, 0.1, 0.3245, 0.135, 0.0785, 0.098, 7
2, 0.72, 0.575, 0.17, 1.9335, 0.913, 0.389, 0.51, 13
2, 0.575, 0.46, 0.19, 0.994, 0.392, 0.2425, 0.34, 13
1, 0.505, 0.405, 0.11, 0.625, 0.305, 0.16, 0.175, 9
2, 0.645, 0.52, 0.17, 1.197, 0.526, 0.2925, 0.317, 11
3, 0.48, 0.365, 0.1, 0.461, 0.2205, 0.0835, 0.135, 8
1, 0.63, 0.525, 0.195, 1.3135, 0.4935, 0.2565, 0.465, 10
1, 0.6, 0.475, 0.19, 1.0875, 0.403, 0.2655, 0.325, 14
3, 0.205, 0.15, 0.065, 0.04, 0.02, 0.011, 0.013, 4
1, 0.62, 0.48, 0.165, 1.0855, 0.481, 0.2575, 0.305, 10
3, 0.48, 0.355, 0.115, 0.5785, 0.25, 0.106, 0.184, 8
1, 0.525, 0.415, 0.16, 0.6445, 0.26, 0.1575, 0.22, 12
3, 0.525, 0.395, 0.12, 0.608, 0.297, 0.1395, 0.1405, 8
1, 0.77, 0.6, 0.215, 2.1945, 1.0515, 0.482, 0.584, 10
2, 0.585, 0.47, 0.17, 1.099, 0.3975, 0.2325, 0.358, 20
3, 0.365, 0.275, 0.085, 0.223, 0.098, 0.0375, 0.075, 7
3, 0.455, 0.435, 0.11, 0.4265, 0.195, 0.09, 0.1205, 8
1, 0.31, 0.225, 0.08, 0.1345, 0.054, 0.024, 0.05, 7
1, 0.62, 0.465, 0.19, 1.3415, 0.5705, 0.3175, 0.355, 11
1, 0.67, 0.525, 0.18, 1.6615, 0.8005, 0.3645, 0.43, 10
2, 0.57, 0.46, 0.135, 0.9795, 0.397, 0.2525, 0.2655, 9
1, 0.585, 0.475, 0.12, 0.945, 0.41, 0.2115, 0.28, 14
1, 0.6, 0.475, 0.155, 1.1385, 0.502, 0.2295, 0.31, 9
1, 0.545, 0.44, 0.12, 0.8565, 0.3475, 0.1715, 0.24, 12
2, 0.53, 0.425, 0.15, 0.8495, 0.328, 0.232, 0.202, 8
1, 0.565, 0.455, 0.15, 0.9795, 0.444, 0.205, 0.275, 8
1, 0.495, 0.38, 0.12, 0.474, 0.197, 0.1065, 0.1545, 10
1, 0.375, 0.3, 0.1, 0.2465, 0.104, 0.0475, 0.083, 11
2, 0.53, 0.42, 0.14, 0.627, 0.2905, 0.1165, 0.183, 8
3, 0.455, 0.375, 0.12, 0.497, 0.2355, 0.1055, 0.1295, 6
2, 0.625, 0.475, 0.16, 1.3335, 0.605, 0.2875, 0.319, 10
2, 0.51, 0.385, 0.135, 0.632, 0.282, 0.145, 0.17, 8
3, 0.485, 0.36, 0.12, 0.5155, 0.2465, 0.1025, 0.147, 8
2, 0.605, 0.485, 0.16, 1.201, 0.417, 0.2875, 0.38, 9
1, 0.5, 0.385, 0.135, 0.6425, 0.3195, 0.129, 0.1535, 7
1, 0.64, 0.5, 0.185, 1.3035, 0.4445, 0.2635, 0.465, 16
1, 0.66, 0.51, 0.175, 1.218, 0.5055, 0.303, 0.37, 11
1, 0.265, 0.2, 0.065, 0.084, 0.034, 0.0105, 0.03, 7
1, 0.555, 0.435, 0.145, 0.9685, 0.4985, 0.168, 0.2385, 9
3, 0.45, 0.35, 0.125, 0.4775, 0.2235, 0.089, 0.118, 6
2, 0.64, 0.475, 0.19, 1.151, 0.4365, 0.281, 0.3805, 13
1, 0.575, 0.445, 0.17, 1.0225, 0.549, 0.2175, 0.228, 9
1, 0.61, 0.48, 0.14, 1.031, 0.4375, 0.2615, 0.27, 8
2, 0.47, 0.36, 0.13, 0.472, 0.182, 0.114, 0.15, 10
3, 0.455, 0.355, 0.125, 0.5325, 0.225, 0.126, 0.1465, 7
1, 0.645, 0.495, 0.185, 1.4935, 0.5265, 0.2785, 0.455, 15
1, 0.715, 0.565, 0.175, 1.9525, 0.7645, 0.4185, 0.4135, 10
2, 0.615, 0.52, 0.15, 1.3435, 0.629, 0.2605, 0.345, 10
3, 0.205, 0.155, 0.045, 0.0495, 0.0235, 0.011, 0.014, 3
3, 0.425, 0.34, 0.105, 0.389, 0.2015, 0.0905, 0.088, 6
1, 0.535, 0.42, 0.16, 0.72, 0.275, 0.164, 0.225, 15
1, 0.71, 0.565, 0.2, 1.601, 0.706, 0.321, 0.45, 11
3, 0.425, 0.325, 0.11, 0.317, 0.135, 0.048, 0.09, 8
1, 0.585, 0.455, 0.15, 0.906, 0.4095, 0.23, 0.2335, 8
1, 0.57, 0.45, 0.155, 0.91, 0.326, 0.1895, 0.355, 14
2, 0.61, 0.49, 0.17, 1.137, 0.4605, 0.2825, 0.344, 12
1, 0.495, 0.4, 0.135, 0.61, 0.272, 0.1435, 0.144, 7
3, 0.245, 0.18, 0.065, 0.071, 0.03, 0.013, 0.0215, 4
3, 0.37, 0.275, 0.095, 0.257, 0.1015, 0.055, 0.0825, 6
3, 0.35, 0.27, 0.075, 0.215, 0.1, 0.036, 0.065, 6
3, 0.315, 0.21, 0.06, 0.125, 0.06, 0.0375, 0.035, 5
1, 0.615, 0.475, 0.15, 1.0375, 0.476, 0.2325, 0.283, 9
2, 0.615, 0.47, 0.175, 1.2985, 0.5135, 0.343, 0.32, 14
1, 0.525, 0.395, 0.165, 0.782, 0.285, 0.1405, 0.285, 19
1, 0.155, 0.115, 0.025, 0.024, 0.009, 0.005, 0.0075, 5
3, 0.535, 0.45, 0.17, 0.781, 0.3055, 0.1555, 0.295, 11
2, 0.605, 0.47, 0.16, 1.0835, 0.5405, 0.2215, 0.275, 12
1, 0.595, 0.475, 0.17, 1.0965, 0.419, 0.229, 0.35, 17
2, 0.38, 0.325, 0.11, 0.3105, 0.12, 0.074, 0.105, 10
3, 0.335, 0.26, 0.09, 0.1835, 0.078, 0.024, 0.065, 11
1, 0.385, 0.3, 0.095, 0.24, 0.0885, 0.059, 0.085, 9
2, 0.75, 0.565, 0.215, 1.938, 0.7735, 0.4825, 0.575, 11
2, 0.65, 0.5, 0.165, 1.1445, 0.485, 0.218, 0.365, 12
2, 0.58, 0.45, 0.145, 1.137, 0.5585, 0.22, 0.29, 8
2, 0.53, 0.435, 0.17, 0.8155, 0.2985, 0.155, 0.275, 13
2, 0.62, 0.51, 0.18, 1.3315, 0.594, 0.276, 0.388, 11
1, 0.515, 0.4, 0.125, 0.955, 0.341, 0.2535, 0.26, 13
1, 0.285, 0.21, 0.075, 0.1185, 0.055, 0.0285, 0.04, 7
3, 0.48, 0.38, 0.125, 0.6245, 0.3395, 0.1085, 0.1665, 8
3, 0.45, 0.35, 0.12, 0.468, 0.2005, 0.1065, 0.1325, 8
2, 0.65, 0.515, 0.195, 1.4005, 0.5195, 0.36, 0.44, 13
3, 0.54, 0.395, 0.135, 0.6555, 0.2705, 0.155, 0.192, 9
2, 0.545, 0.42, 0.175, 0.754, 0.256, 0.1775, 0.275, 10
2, 0.58, 0.46, 0.18, 1.0515, 0.4095, 0.2595, 0.276, 8
1, 0.685, 0.545, 0.205, 1.7925, 0.8145, 0.416, 0.461, 9
3, 0.555, 0.45, 0.175, 0.738, 0.304, 0.1755, 0.22, 9
1, 0.425, 0.315, 0.125, 0.3525, 0.1135, 0.0565, 0.13, 18
2, 0.585, 0.42, 0.155, 0.9845, 0.442, 0.2155, 0.2875, 13
3, 0.61, 0.46, 0.17, 1.278, 0.41, 0.257, 0.37, 17
3, 0.415, 0.31, 0.1, 0.2805, 0.114, 0.0565, 0.0975, 6
3, 0.505, 0.425, 0.125, 0.6115, 0.245, 0.1375, 0.2, 9
1, 0.29, 0.23, 0.075, 0.1165, 0.043, 0.0255, 0.04, 7
1, 0.57, 0.445, 0.14, 1.0635, 0.5265, 0.2195, 0.24, 8
2, 0.66, 0.52, 0.2, 1.676, 0.673, 0.4805, 0.45, 17
1, 0.495, 0.415, 0.165, 0.7485, 0.264, 0.134, 0.285, 13
2, 0.59, 0.44, 0.14, 1.007, 0.4775, 0.2105, 0.2925, 9
1, 0.475, 0.365, 0.14, 0.6175, 0.202, 0.1445, 0.19, 16
1, 0.57, 0.445, 0.15, 0.9875, 0.504, 0.207, 0.249, 8
2, 0.625, 0.485, 0.175, 1.3745, 0.7335, 0.2715, 0.332, 9
2, 0.67, 0.54, 0.2, 1.46, 0.6435, 0.328, 0.4165, 9
3, 0.42, 0.325, 0.1, 0.368, 0.1675, 0.0625, 0.1135, 11
3, 0.3, 0.22, 0.08, 0.121, 0.0475, 0.042, 0.035, 5
1, 0.61, 0.48, 0.15, 1.1495, 0.564, 0.274, 0.264, 8
3, 0.585, 0.46, 0.14, 0.7635, 0.326, 0.153, 0.265, 9
2, 0.575, 0.465, 0.175, 1.099, 0.4735, 0.202, 0.35, 9
2, 0.415, 0.305, 0.105, 0.3605, 0.12, 0.082, 0.1, 10
3, 0.4, 0.31, 0.1, 0.127, 0.106, 0.071, 0.085, 7
3, 0.35, 0.265, 0.085, 0.1735, 0.0775, 0.034, 0.056, 6
2, 0.625, 0.485, 0.175, 1.362, 0.6765, 0.2615, 0.3705, 10
3, 0.375, 0.265, 0.095, 0.196, 0.085, 0.042, 0.0585, 5
1, 0.605, 0.49, 0.18, 1.167, 0.457, 0.29, 0.3745, 9
3, 0.215, 0.155, 0.06, 0.0525, 0.021, 0.0165, 0.015, 5
3, 0.53, 0.405, 0.12, 0.632, 0.2715, 0.148, 0.1875, 9
1, 0.5, 0.39, 0.135, 0.6595, 0.3145, 0.1535, 0.1565, 6
1, 0.635, 0.49, 0.16, 1.101, 0.534, 0.1865, 0.3455, 10
3, 0.305, 0.22, 0.07, 0.141, 0.062, 0.031, 0.037, 5
2, 0.59, 0.465, 0.15, 0.997, 0.392, 0.246, 0.34, 12
2, 0.66, 0.53, 0.185, 1.3485, 0.493, 0.245, 0.49, 12
1, 0.51, 0.4, 0.13, 0.6435, 0.27, 0.1665, 0.205, 12
1, 0.6, 0.465, 0.155, 1.262, 0.6245, 0.2455, 0.33, 10
1, 0.31, 0.245, 0.095, 0.15, 0.0525, 0.034, 0.048, 7
1, 0.71, 0.575, 0.215, 2.009, 0.9895, 0.4475, 0.502, 11
2, 0.39, 0.29, 0.125, 0.3055, 0.121, 0.082, 0.09, 7
1, 0.52, 0.39, 0.12, 0.6435, 0.2885, 0.157, 0.161, 7
3, 0.265, 0.2, 0.065, 0.0975, 0.04, 0.0205, 0.028, 7
3, 0.455, 0.34, 0.115, 0.486, 0.261, 0.0655, 0.1315, 8
3, 0.345, 0.255, 0.085, 0.2005, 0.105, 0.037, 0.05, 5
3, 0.5, 0.38, 0.125, 0.519, 0.2485, 0.1135, 0.134, 8
3, 0.47, 0.375, 0.105, 0.441, 0.167, 0.0865, 0.145, 10
1, 0.5, 0.39, 0.145, 0.651, 0.273, 0.132, 0.22, 11
2, 0.395, 0.315, 0.105, 0.3515, 0.1185, 0.091, 0.1195, 16
1, 0.355, 0.265, 0.09, 0.168, 0.05, 0.041, 0.063, 8
3, 0.5, 0.385, 0.15, 0.6265, 0.2605, 0.1665, 0.16, 10
3, 0.555, 0.425, 0.145, 0.7905, 0.3485, 0.1765, 0.225, 9
1, 0.575, 0.445, 0.145, 0.876, 0.3795, 0.1615, 0.27, 10
3, 0.57, 0.445, 0.155, 0.867, 0.3705, 0.1705, 0.28, 9
1, 0.555, 0.455, 0.16, 1.0575, 0.3925, 0.228, 0.293, 13
2, 0.7, 0.525, 0.19, 1.6015, 0.707, 0.365, 0.43, 10
2, 0.475, 0.375, 0.125, 0.5785, 0.2775, 0.085, 0.155, 10
3, 0.32, 0.205, 0.08, 0.181, 0.088, 0.034, 0.0495, 5
3, 0.35, 0.27, 0.09, 0.2055, 0.075, 0.0575, 0.062, 6
1, 0.595, 0.455, 0.15, 0.886, 0.4315, 0.201, 0.223, 10
2, 0.64, 0.49, 0.18, 1.36, 0.653, 0.347, 0.305, 9
1, 0.695, 0.545, 0.185, 1.5715, 0.6645, 0.3835, 0.4505, 13
1, 0.41, 0.3, 0.1, 0.301, 0.124, 0.069, 0.09, 9
2, 0.635, 0.49, 0.175, 1.2435, 0.5805, 0.313, 0.305, 10
2, 0.595, 0.46, 0.16, 0.921, 0.4005, 0.2025, 0.2875, 9
2, 0.585, 0.465, 0.145, 0.9855, 0.4325, 0.2145, 0.2845, 10
1, 0.545, 0.415, 0.14, 0.82, 0.4615, 0.127, 0.218, 9
2, 0.33, 0.26, 0.08, 0.2, 0.0625, 0.05, 0.07, 9
3, 0.36, 0.3, 0.085, 0.27, 0.1185, 0.064, 0.0745, 7
3, 0.48, 0.36, 0.125, 0.542, 0.2795, 0.1025, 0.147, 7
3, 0.46, 0.365, 0.11, 0.4495, 0.1755, 0.102, 0.15, 8
2, 0.535, 0.415, 0.185, 0.8415, 0.314, 0.1585, 0.3, 15
1, 0.62, 0.48, 0.155, 1.2555, 0.527, 0.374, 0.3175, 11
3, 0.53, 0.42, 0.13, 0.658, 0.296, 0.1245, 0.198, 8
1, 0.51, 0.415, 0.14, 0.8185, 0.3025, 0.2155, 0.235, 16
3, 0.39, 0.31, 0.1, 0.302, 0.116, 0.064, 0.115, 11
1, 0.61, 0.47, 0.155, 1.0325, 0.497, 0.2175, 0.2785, 9
1, 0.55, 0.44, 0.16, 0.985, 0.4645, 0.201, 0.27, 8
2, 0.515, 0.395, 0.165, 0.7565, 0.1905, 0.17, 0.3205, 10
1, 0.765, 0.585, 0.18, 2.398, 1.128, 0.512, 0.5335, 12
3, 0.315, 0.235, 0.075, 0.1485, 0.0585, 0.0375, 0.0425, 6
3, 0.285, 0.21, 0.055, 0.101, 0.0415, 0.017, 0.0335, 5
3, 0.53, 0.415, 0.13, 0.694, 0.3905, 0.111, 0.167, 9
3, 0.525, 0.4, 0.13, 0.6445, 0.345, 0.1285, 0.2, 8
2, 0.48, 0.405, 0.13, 0.6375, 0.277, 0.1445, 0.21, 10
3, 0.3, 0.22, 0.065, 0.1235, 0.059, 0.026, 0.0315, 5
3, 0.435, 0.335, 0.11, 0.383, 0.1555, 0.0675, 0.135, 12
3, 0.54, 0.415, 0.11, 0.619, 0.2755, 0.15, 0.1765, 10
2, 0.45, 0.335, 0.105, 0.425, 0.1865, 0.091, 0.115, 9
2, 0.5, 0.375, 0.14, 0.604, 0.242, 0.1415, 0.179, 15
2, 0.46, 0.425, 0.155, 0.746, 0.3005, 0.152, 0.24, 8
3, 0.53, 0.43, 0.16, 0.7245, 0.321, 0.1275, 0.24, 9
1, 0.5, 0.375, 0.15, 0.636, 0.2535, 0.145, 0.19, 10
2, 0.63, 0.48, 0.15, 1.0525, 0.392, 0.336, 0.285, 12
2, 0.61, 0.485, 0.18, 1.2795, 0.5735, 0.2855, 0.355, 7
1, 0.58, 0.465, 0.175, 1.035, 0.401, 0.1865, 0.385, 17
3, 0.605, 0.47, 0.14, 0.939, 0.3385, 0.201, 0.32, 13
3, 0.275, 0.2, 0.07, 0.096, 0.037, 0.0225, 0.03, 6
3, 0.62, 0.49, 0.16, 1.066, 0.446, 0.246, 0.305, 11
1, 0.705, 0.56, 0.165, 1.675, 0.797, 0.4095, 0.388, 10
2, 0.605, 0.46, 0.17, 1.122, 0.347, 0.3045, 0.315, 13
1, 0.615, 0.475, 0.17, 1.129, 0.4795, 0.302, 0.3, 10
3, 0.56, 0.425, 0.145, 0.688, 0.3095, 0.1305, 0.2165, 9
2, 0.675, 0.55, 0.18, 1.6885, 0.562, 0.3705, 0.6, 15
3, 0.55, 0.425, 0.15, 0.639, 0.269, 0.1345, 0.217, 9
2, 0.51, 0.39, 0.105, 0.612, 0.187, 0.15, 0.195, 13
3, 0.26, 0.205, 0.07, 0.097, 0.0415, 0.019, 0.0305, 4
2, 0.47, 0.355, 0.13, 0.5465, 0.2005, 0.126, 0.185, 14
2, 0.7, 0.535, 0.175, 1.773, 0.6805, 0.48, 0.512, 15
3, 0.44, 0.345, 0.12, 0.365, 0.1655, 0.083, 0.11, 7
2, 0.71, 0.57, 0.195, 1.9805, 0.9925, 0.4925, 0.48, 12
1, 0.635, 0.49, 0.175, 1.375, 0.623, 0.2705, 0.395, 11
2, 0.655, 0.505, 0.19, 1.3485, 0.5935, 0.2745, 0.425, 12
1, 0.695, 0.58, 0.2, 1.8995, 0.675, 0.478, 0.5295, 13
1, 0.555, 0.44, 0.14, 0.8705, 0.407, 0.156, 0.255, 9
2, 0.565, 0.505, 0.21, 1.2765, 0.501, 0.279, 0.355, 12
2, 0.64, 0.485, 0.145, 1.1335, 0.5525, 0.2505, 0.3015, 11
2, 0.595, 0.465, 0.145, 1.107, 0.402, 0.2415, 0.31, 12
2, 0.7, 0.54, 0.215, 1.978, 0.6675, 0.3125, 0.71, 24
1, 0.615, 0.5, 0.17, 1.054, 0.4845, 0.228, 0.295, 10
3, 0.405, 0.31, 0.09, 0.312, 0.138, 0.06, 0.087, 8
1, 0.69, 0.54, 0.185, 1.71, 0.7725, 0.3855, 0.4325, 8
2, 0.505, 0.38, 0.13, 0.693, 0.391, 0.1195, 0.1515, 8
2, 0.49, 0.36, 0.11, 0.5005, 0.161, 0.107, 0.195, 17
1, 0.5, 0.42, 0.135, 0.6765, 0.302, 0.1415, 0.2065, 9
3, 0.355, 0.26, 0.09, 0.1985, 0.0715, 0.0495, 0.058, 7
1, 0.46, 0.375, 0.135, 0.4935, 0.186, 0.0845, 0.17, 12
2, 0.635, 0.485, 0.165, 1.2695, 0.5635, 0.3065, 0.3395, 11
1, 0.61, 0.49, 0.16, 1.146, 0.597, 0.246, 0.265, 8
1, 0.645, 0.5, 0.175, 1.3375, 0.554, 0.308, 0.415, 10
3, 0.36, 0.28, 0.08, 0.1755, 0.081, 0.0505, 0.07, 6
3, 0.325, 0.225, 0.075, 0.139, 0.0565, 0.032, 0.09, 6
3, 0.39, 0.315, 0.09, 0.3095, 0.147, 0.05, 0.09, 7
2, 0.63, 0.505, 0.165, 1.065, 0.4595, 0.216, 0.315, 12
2, 0.475, 0.375, 0.125, 0.588, 0.237, 0.1715, 0.155, 10
1, 0.645, 0.515, 0.24, 1.5415, 0.471, 0.369, 0.535, 13
3, 0.53, 0.42, 0.12, 0.5965, 0.2555, 0.141, 0.177, 7
2, 0.485, 0.365, 0.14, 0.6195, 0.2595, 0.1445, 0.177, 14
1, 0.57, 0.445, 0.16, 1.0145, 0.516, 0.164, 0.3, 10
1, 0.655, 0.535, 0.205, 1.6445, 0.7305, 0.3595, 0.46, 13
1, 0.425, 0.325, 0.12, 0.3755, 0.142, 0.1065, 0.105, 9
1, 0.625, 0.495, 0.175, 1.2935, 0.5805, 0.317, 0.355, 9
2, 0.65, 0.515, 0.215, 1.498, 0.564, 0.323, 0.425, 16
1, 0.3, 0.24, 0.09, 0.161, 0.0725, 0.039, 0.05, 6
3, 0.32, 0.23, 0.06, 0.129, 0.0615, 0.0275, 0.0355, 7
1, 0.6, 0.48, 0.165, 0.9165, 0.4135, 0.1965, 0.2725, 9
2, 0.73, 0.55, 0.205, 1.908, 0.5415, 0.3565, 0.5965, 14
3, 0.44, 0.35, 0.125, 0.456, 0.21, 0.0955, 0.131, 8
2, 0.565, 0.46, 0.15, 0.8765, 0.3455, 0.1925, 0.275, 10
2, 0.71, 0.56, 0.18, 1.652, 0.735, 0.381, 0.4525, 11
1, 0.62, 0.51, 0.175, 1.615, 0.5105, 0.192, 0.675, 12
3, 0.425, 0.3, 0.095, 0.3515, 0.141, 0.0775, 0.12, 8
1, 0.56, 0.44, 0.16, 1.1115, 0.5035, 0.2785, 0.26, 10
3, 0.475, 0.36, 0.11, 0.4555, 0.177, 0.0965, 0.145, 9
1, 0.575, 0.475, 0.145, 0.857, 0.3665, 0.173, 0.269, 9
2, 0.6, 0.47, 0.135, 0.97, 0.4655, 0.1955, 0.264, 11
3, 0.36, 0.265, 0.075, 0.1845, 0.083, 0.0365, 0.055, 7
3, 0.38, 0.275, 0.095, 0.1375, 0.086, 0.0585, 0.0605, 7
2, 0.67, 0.55, 0.19, 1.3905, 0.5425, 0.3035, 0.4, 12
2, 0.54, 0.42, 0.14, 0.8035, 0.38, 0.1805, 0.21, 9
1, 0.495, 0.4, 0.155, 0.8085, 0.2345, 0.1155, 0.35, 6
2, 0.7, 0.575, 0.205, 1.7975, 0.7295, 0.3935, 0.5165, 13
2, 0.58, 0.455, 0.165, 1.1365, 0.369, 0.3005, 0.275, 13
1, 0.575, 0.455, 0.145, 1.165, 0.581, 0.2275, 0.3, 14
1, 0.49, 0.42, 0.125, 0.609, 0.239, 0.1435, 0.22, 14
2, 0.56, 0.46, 0.18, 0.97, 0.342, 0.196, 0.355, 12
3, 0.37, 0.28, 0.085, 0.198, 0.0805, 0.0455, 0.058, 5
2, 0.545, 0.41, 0.125, 0.654, 0.2945, 0.1315, 0.205, 10
1, 0.565, 0.465, 0.15, 1.1285, 0.377, 0.3525, 0.33, 16
3, 0.435, 0.325, 0.11, 0.367, 0.1595, 0.08, 0.105, 6
2, 0.64, 0.505, 0.175, 1.3185, 0.6185, 0.302, 0.3315, 9
3, 0.435, 0.33, 0.095, 0.393, 0.219, 0.075, 0.0885, 6
1, 0.61, 0.5, 0.24, 1.642, 0.532, 0.3345, 0.69, 18
3, 0.44, 0.345, 0.13, 0.4495, 0.209, 0.0835, 0.134, 6
3, 0.25, 0.18, 0.065, 0.0805, 0.0345, 0.0185, 0.0215, 4
1, 0.525, 0.425, 0.19, 0.872, 0.4625, 0.1725, 0.199, 9
1, 0.675, 0.54, 0.175, 1.5545, 0.6645, 0.278, 0.512, 12
1, 0.65, 0.52, 0.21, 1.6785, 0.6665, 0.308, 0.46, 11
3, 0.385, 0.28, 0.1, 0.2755, 0.1305, 0.061, 0.0725, 8
3, 0.485, 0.345, 0.16, 0.869, 0.3085, 0.185, 0.319, 9
1, 0.595, 0.46, 0.17, 1.1295, 0.57, 0.2555, 0.265, 10
1, 0.6, 0.495, 0.175, 1.3005, 0.6195, 0.284, 0.3285, 11
1, 0.66, 0.515, 0.165, 1.4465, 0.694, 0.298, 0.3755, 10
3, 0.29, 0.225, 0.075, 0.152, 0.071, 0.059, 0.045, 9
3, 0.495, 0.37, 0.125, 0.4715, 0.2075, 0.091, 0.15, 8
3, 0.61, 0.48, 0.165, 1.097, 0.4215, 0.264, 0.335, 13
1, 0.56, 0.455, 0.165, 0.86, 0.4015, 0.1695, 0.245, 11
1, 0.195, 0.145, 0.05, 0.032, 0.01, 0.008, 0.012, 4
1, 0.625, 0.47, 0.17, 1.1665, 0.4605, 0.2565, 0.3945, 11
3, 0.46, 0.345, 0.115, 0.4215, 0.1895, 0.102, 0.111, 6
3, 0.455, 0.375, 0.125, 0.533, 0.233, 0.106, 0.185, 8
1, 0.645, 0.5, 0.175, 1.286, 0.5645, 0.288, 0.386, 12
3, 0.53, 0.41, 0.15, 0.612, 0.2435, 0.1525, 0.1895, 11
1, 0.54, 0.42, 0.12, 0.8115, 0.392, 0.1455, 0.2235, 9
1, 0.7, 0.555, 0.2, 1.858, 0.73, 0.3665, 0.595, 11
1, 0.695, 0.55, 0.215, 1.9565, 0.7125, 0.541, 0.59, 14
1, 0.64, 0.585, 0.195, 1.647, 0.7225, 0.331, 0.471, 12
2, 0.65, 0.52, 0.195, 1.6275, 0.689, 0.3905, 0.432, 11
1, 0.6, 0.475, 0.17, 1.1315, 0.508, 0.272, 0.309, 10
2, 0.605, 0.48, 0.175, 1.1685, 0.4815, 0.2305, 0.356, 9
3, 0.355, 0.27, 0.1, 0.2255, 0.11, 0.042, 0.064, 7
2, 0.615, 0.495, 0.155, 1.0805, 0.52, 0.19, 0.32, 9
2, 0.665, 0.5, 0.175, 1.4355, 0.643, 0.345, 0.37, 9
1, 0.68, 0.52, 0.165, 1.4775, 0.724, 0.279, 0.406, 11
1, 0.575, 0.45, 0.155, 0.9765, 0.495, 0.2145, 0.235, 9
3, 0.425, 0.31, 0.105, 0.365, 0.159, 0.0825, 0.105, 6
2, 0.665, 0.53, 0.18, 1.491, 0.6345, 0.342, 0.435, 10
3, 0.285, 0.21, 0.07, 0.109, 0.044, 0.0265, 0.033, 5
3, 0.47, 0.4, 0.16, 0.51, 0.1615, 0.073, 0.198, 14
3, 0.52, 0.38, 0.115, 0.6645, 0.3285, 0.17, 0.1425, 7
1, 0.74, 0.535, 0.185, 1.65, 0.734, 0.4505, 0.335, 13
3, 0.36, 0.27, 0.085, 0.2185, 0.1065, 0.038, 0.062, 6
1, 0.545, 0.42, 0.14, 0.7505, 0.2475, 0.13, 0.255, 22
1, 0.585, 0.43, 0.16, 0.955, 0.3625, 0.176, 0.27, 11
1, 0.64, 0.49, 0.14, 1.194, 0.4445, 0.238, 0.375, 15
2, 0.585, 0.46, 0.17, 0.9325, 0.365, 0.271, 0.29, 9
1, 0.52, 0.42, 0.16, 0.745, 0.255, 0.157, 0.2885, 11
3, 0.315, 0.235, 0.08, 0.18, 0.08, 0.045, 0.047, 5
1, 0.63, 0.48, 0.185, 1.21, 0.53, 0.2555, 0.322, 11
1, 0.585, 0.465, 0.19, 1.171, 0.3905, 0.2355, 0.4, 17
2, 0.51, 0.395, 0.12, 0.6175, 0.262, 0.122, 0.193, 12
1, 0.59, 0.47, 0.145, 0.9235, 0.4545, 0.173, 0.254, 9
1, 0.675, 0.52, 0.145, 1.3645, 0.557, 0.3405, 0.385, 11
2, 0.56, 0.425, 0.125, 0.932, 0.361, 0.213, 0.335, 9
2, 0.625, 0.525, 0.215, 1.5765, 0.5115, 0.2595, 0.665, 16
1, 0.685, 0.52, 0.165, 1.519, 0.699, 0.3685, 0.4, 10
1, 0.77, 0.62, 0.195, 2.5155, 1.1155, 0.6415, 0.642, 12
1, 0.68, 0.54, 0.195, 1.7825, 0.5565, 0.3235, 0.4285, 11
2, 0.595, 0.45, 0.165, 1.081, 0.49, 0.2525, 0.279, 12
2, 0.645, 0.525, 0.19, 1.4635, 0.6615, 0.3435, 0.435, 19
3, 0.32, 0.235, 0.08, 0.1485, 0.064, 0.031, 0.045, 6
1, 0.64, 0.565, 0.23, 1.521, 0.644, 0.372, 0.406, 15
1, 0.6, 0.45, 0.16, 1.142, 0.539, 0.225, 0.307, 10
3, 0.435, 0.315, 0.11, 0.3685, 0.1615, 0.0715, 0.12, 7
3, 0.27, 0.195, 0.07, 0.102, 0.045, 0.0135, 0.034, 8
3, 0.545, 0.42, 0.165, 0.8935, 0.4235, 0.2195, 0.228, 8
1, 0.65, 0.515, 0.18, 1.3315, 0.5665, 0.347, 0.405, 13
1, 0.605, 0.475, 0.14, 1.1175, 0.555, 0.257, 0.274, 9
2, 0.37, 0.29, 0.115, 0.25, 0.111, 0.057, 0.075, 9
1, 0.53, 0.435, 0.135, 0.7365, 0.3275, 0.1315, 0.22, 12
3, 0.555, 0.43, 0.125, 0.7005, 0.3395, 0.1355, 0.2095, 8
3, 0.52, 0.38, 0.135, 0.5395, 0.2295, 0.133, 0.157, 8
2, 0.57, 0.455, 0.165, 1.0595, 0.44, 0.2195, 0.285, 14
1, 0.71, 0.555, 0.195, 1.9485, 0.9455, 0.3765, 0.495, 12
2, 0.7, 0.575, 0.17, 1.31, 0.5095, 0.314, 0.42, 14
3, 0.37, 0.27, 0.095, 0.2175, 0.097, 0.046, 0.065, 6
2, 0.58, 0.46, 0.175, 1.165, 0.65, 0.2205, 0.3055, 9
3, 0.35, 0.265, 0.08, 0.2, 0.09, 0.042, 0.06, 7
1, 0.645, 0.505, 0.15, 1.1605, 0.519, 0.2615, 0.335, 10
2, 0.78, 0.63, 0.215, 2.657, 1.488, 0.4985, 0.586, 11
2, 0.71, 0.565, 0.195, 1.817, 0.785, 0.492, 0.49, 11
2, 0.54, 0.44, 0.16, 1.0905, 0.391, 0.2295, 0.355, 15
2, 0.585, 0.415, 0.155, 0.6985, 0.3, 0.146, 0.195, 12
3, 0.56, 0.44, 0.14, 0.825, 0.402, 0.139, 0.245, 10
1, 0.68, 0.54, 0.19, 1.623, 0.7165, 0.354, 0.4715, 12
2, 0.44, 0.34, 0.135, 0.3975, 0.1505, 0.0945, 0.135, 8
3, 0.47, 0.37, 0.11, 0.5555, 0.25, 0.115, 0.163, 8
1, 0.545, 0.435, 0.165, 0.9955, 0.3245, 0.2665, 0.325, 19
2, 0.675, 0.545, 0.195, 1.7345, 0.6845, 0.3695, 0.605, 20
3, 0.575, 0.445, 0.17, 0.8015, 0.3475, 0.1465, 0.25, 9
3, 0.58, 0.42, 0.14, 0.701, 0.3285, 0.102, 0.2255, 9
2, 0.35, 0.275, 0.065, 0.205, 0.0745, 0.0465, 0.07, 10
1, 0.69, 0.55, 0.2, 1.8465, 0.732, 0.472, 0.57, 19
2, 0.625, 0.475, 0.175, 1.1435, 0.4755, 0.2475, 0.349, 10
2, 0.66, 0.5, 0.165, 1.1905, 0.4585, 0.298, 0.37, 12
1, 0.345, 0.27, 0.09, 0.195, 0.078, 0.0455, 0.059, 9
2, 0.57, 0.445, 0.155, 0.733, 0.282, 0.159, 0.235, 14
1, 0.7, 0.565, 0.18, 1.751, 0.895, 0.3355, 0.446, 9
1, 0.565, 0.445, 0.145, 0.9255, 0.4345, 0.212, 0.2475, 9
2, 0.61, 0.47, 0.165, 1.1785, 0.566, 0.2785, 0.294, 11
1, 0.345, 0.255, 0.09, 0.2005, 0.094, 0.0295, 0.063, 9
2, 0.53, 0.385, 0.125, 0.6695, 0.289, 0.151, 0.18, 10
3, 0.65, 0.525, 0.18, 1.626, 0.597, 0.3445, 0.53, 18
3, 0.625, 0.485, 0.16, 1.15, 0.5255, 0.257, 0.3315, 11
1, 0.6, 0.51, 0.185, 1.285, 0.6095, 0.2745, 0.315, 9
1, 0.53, 0.415, 0.12, 0.706, 0.3355, 0.1635, 0.1345, 9
1, 0.535, 0.405, 0.185, 0.8345, 0.3175, 0.1725, 0.29, 16
3, 0.625, 0.465, 0.155, 0.972, 0.404, 0.1845, 0.35, 14
3, 0.5, 0.38, 0.155, 0.6675, 0.2745, 0.156, 0.18, 12
1, 0.6, 0.475, 0.23, 1.157, 0.522, 0.2235, 0.36, 11
3, 0.55, 0.425, 0.145, 0.89, 0.4325, 0.171, 0.236, 10
3, 0.41, 0.325, 0.105, 0.361, 0.1605, 0.0665, 0.103, 8
2, 0.675, 0.51, 0.15, 1.1965, 0.475, 0.304, 0.386, 11
1, 0.62, 0.48, 0.15, 1.266, 0.6285, 0.2575, 0.309, 12
2, 0.655, 0.455, 0.17, 1.2895, 0.587, 0.3165, 0.3415, 11
3, 0.175, 0.125, 0.05, 0.0235, 0.008, 0.0035, 0.008, 5
2, 0.655, 0.5, 0.205, 1.528, 0.6215, 0.3725, 0.4535, 11
3, 0.62, 0.48, 0.18, 1.1305, 0.5285, 0.2655, 0.306, 12
1, 0.52, 0.4, 0.12, 0.58, 0.234, 0.1315, 0.185, 8
3, 0.45, 0.365, 0.125, 0.462, 0.2135, 0.0985, 0.1315, 8
1, 0.58, 0.43, 0.125, 0.9115, 0.446, 0.2075, 0.121, 10
3, 0.505, 0.405, 0.13, 0.599, 0.2245, 0.1175, 0.225, 11
1, 0.32, 0.245, 0.075, 0.1555, 0.0585, 0.038, 0.049, 11
1, 0.56, 0.455, 0.155, 0.797, 0.34, 0.19, 0.2425, 11
3, 0.57, 0.42, 0.13, 0.7745, 0.3535, 0.1505, 0.2365, 9
3, 0.52, 0.38, 0.125, 0.5545, 0.288, 0.1295, 0.167, 8
1, 0.67, 0.51, 0.18, 1.68, 0.926, 0.2975, 0.3935, 13
2, 0.62, 0.51, 0.205, 1.3475, 0.4775, 0.2565, 0.48, 14
3, 0.41, 0.325, 0.11, 0.326, 0.1325, 0.075, 0.101, 8
1, 0.575, 0.455, 0.155, 1.013, 0.4685, 0.2085, 0.295, 11
2, 0.625, 0.49, 0.175, 1.233, 0.5565, 0.247, 0.365, 11
2, 0.575, 0.42, 0.135, 0.857, 0.461, 0.147, 0.2125, 10
2, 0.62, 0.5, 0.17, 1.148, 0.5475, 0.22, 0.3315, 10
1, 0.65, 0.51, 0.175, 1.155, 0.4955, 0.2025, 0.385, 12
1, 0.475, 0.36, 0.1, 0.4285, 0.1965, 0.099, 0.112, 7
3, 0.41, 0.335, 0.105, 0.3305, 0.1405, 0.064, 0.105, 7
3, 0.44, 0.33, 0.135, 0.4095, 0.163, 0.1005, 0.119, 6
2, 0.47, 0.36, 0.11, 0.4965, 0.237, 0.127, 0.13, 6
3, 0.415, 0.315, 0.1, 0.3645, 0.1765, 0.0795, 0.095, 8
1, 0.525, 0.4, 0.14, 0.7325, 0.334, 0.1575, 0.17, 11
1, 0.65, 0.525, 0.185, 1.622, 0.6645, 0.3225, 0.477, 10
2, 0.56, 0.44, 0.14, 0.9285, 0.3825, 0.188, 0.3, 11
2, 0.58, 0.46, 0.12, 0.9935, 0.4625, 0.2385, 0.28, 11
1, 0.575, 0.435, 0.14, 0.8455, 0.401, 0.191, 0.222, 9
1, 0.585, 0.48, 0.185, 1.04, 0.434, 0.265, 0.285, 10
3, 0.45, 0.335, 0.105, 0.362, 0.1575, 0.0795, 0.1095, 7
3, 0.55, 0.415, 0.135, 0.8095, 0.2985, 0.2015, 0.28, 12
3, 0.375, 0.27, 0.085, 0.218, 0.0945, 0.039, 0.07, 7
2, 0.6, 0.475, 0.18, 1.1805, 0.4345, 0.2475, 0.425, 19
2, 0.595, 0.455, 0.16, 1.04, 0.452, 0.2655, 0.288, 9
1, 0.66, 0.545, 0.185, 1.32, 0.5305, 0.2635, 0.455, 16
2, 0.61, 0.48, 0.175, 1.0675, 0.391, 0.216, 0.42, 15
3, 0.37, 0.28, 0.095, 0.2865, 0.1505, 0.069, 0.0795, 7
3, 0.44, 0.345, 0.12, 0.487, 0.1965, 0.108, 0.16, 14
2, 0.64, 0.515, 0.205, 1.5335, 0.6635, 0.3345, 0.4025, 9
2, 0.515, 0.435, 0.17, 0.631, 0.2765, 0.111, 0.216, 12
3, 0.535, 0.45, 0.135, 0.728, 0.2845, 0.1845, 0.265, 9
3, 0.47, 0.355, 0.12, 0.393, 0.167, 0.0885, 0.115, 8
1, 0.525, 0.425, 0.12, 0.8665, 0.2825, 0.176, 0.29, 18
3, 0.66, 0.525, 0.18, 1.6935, 0.6025, 0.4005, 0.42, 15
2, 0.445, 0.33, 0.105, 0.4525, 0.18, 0.103, 0.123, 9
3, 0.595, 0.46, 0.15, 0.8335, 0.377, 0.1925, 0.235, 8
2, 0.615, 0.5, 0.175, 1.377, 0.5585, 0.33, 0.292, 12
1, 0.685, 0.535, 0.175, 1.432, 0.637, 0.247, 0.46, 11
3, 0.31, 0.225, 0.07, 0.1055, 0.435, 0.015, 0.04, 5
3, 0.55, 0.425, 0.135, 0.656, 0.257, 0.17, 0.203, 10
3, 0.55, 0.425, 0.15, 0.806, 0.376, 0.171, 0.245, 14
2, 0.645, 0.525, 0.19, 1.8085, 0.7035, 0.3885, 0.395, 18
3, 0.47, 0.345, 0.115, 0.4885, 0.2005, 0.108, 0.166, 11
3, 0.43, 0.33, 0.095, 0.32, 0.118, 0.065, 0.123, 7
3, 0.535, 0.45, 0.155, 0.8075, 0.3655, 0.148, 0.2595, 10
3, 0.545, 0.405, 0.13, 0.658, 0.327, 0.1445, 0.174, 8
1, 0.57, 0.465, 0.125, 0.849, 0.3785, 0.1765, 0.24, 15
1, 0.585, 0.455, 0.225, 1.055, 0.3815, 0.221, 0.365, 15
1, 0.655, 0.55, 0.18, 1.274, 0.586, 0.281, 0.365, 10
2, 0.465, 0.38, 0.135, 0.579, 0.208, 0.1095, 0.22, 14
3, 0.485, 0.385, 0.13, 0.568, 0.2505, 0.178, 0.154, 7
2, 0.655, 0.54, 0.175, 1.5585, 0.7285, 0.402, 0.385, 11
3, 0.47, 0.355, 0.12, 0.3685, 0.126, 0.0835, 0.1365, 6
2, 0.575, 0.45, 0.17, 1.0475, 0.3775, 0.1705, 0.385, 18
3, 0.385, 0.305, 0.095, 0.252, 0.0915, 0.055, 0.09, 14
1, 0.475, 0.37, 0.125, 0.649, 0.347, 0.136, 0.142, 8
1, 0.665, 0.525, 0.18, 1.429, 0.6715, 0.29, 0.4, 12
3, 0.28, 0.12, 0.075, 0.117, 0.0455, 0.029, 0.0345, 4
3, 0.22, 0.16, 0.05, 0.049, 0.0215, 0.01, 0.015, 4
1, 0.72, 0.565, 0.2, 2.1055, 1.017, 0.363, 0.494, 12
2, 0.55, 0.43, 0.15, 0.655, 0.2635, 0.122, 0.221, 8
3, 0.235, 0.175, 0.055, 0.067, 0.027, 0.0125, 0.018, 6
2, 0.4, 0.3, 0.115, 0.3025, 0.1335, 0.0465, 0.0935, 8
3, 0.255, 0.185, 0.06, 0.0925, 0.039, 0.021, 0.025, 6
2, 0.65, 0.51, 0.155, 1.189, 0.483, 0.278, 0.3645, 13
3, 0.395, 0.31, 0.085, 0.317, 0.153, 0.0505, 0.0935, 7
1, 0.605, 0.47, 0.18, 1.1405, 0.3755, 0.2805, 0.385, 15
1, 0.485, 0.37, 0.155, 0.968, 0.419, 0.2455, 0.2365, 9
1, 0.565, 0.44, 0.115, 0.9185, 0.404, 0.1785, 0.29, 11
1, 0.61, 0.47, 0.15, 1.1625, 0.565, 0.258, 0.3085, 11
1, 0.58, 0.45, 0.16, 0.8675, 0.3935, 0.221, 0.215, 9
3, 0.54, 0.39, 0.125, 0.6255, 0.2525, 0.158, 0.19, 8
1, 0.52, 0.4, 0.105, 0.872, 0.4515, 0.1615, 0.1985, 9
2, 0.56, 0.455, 0.16, 0.967, 0.4525, 0.207, 0.274, 9
2, 0.595, 0.5, 0.18, 1.053, 0.4405, 0.192, 0.39, 13
2, 0.43, 0.325, 0.12, 0.445, 0.165, 0.0995, 0.155, 8
2, 0.465, 0.35, 0.135, 0.6265, 0.259, 0.1445, 0.175, 8
2, 0.55, 0.415, 0.18, 1.1655, 0.502, 0.301, 0.311, 9
1, 0.595, 0.46, 0.155, 1.03, 0.4275, 0.207, 0.3305, 10
2, 0.57, 0.425, 0.13, 0.782, 0.3695, 0.1745, 0.1965, 8
2, 0.71, 0.54, 0.205, 1.5805, 0.802, 0.287, 0.435, 10
1, 0.75, 0.595, 0.205, 2.2205, 1.083, 0.421, 0.63, 12
1, 0.63, 0.485, 0.145, 1.062, 0.5065, 0.1785, 0.3365, 12
1, 0.655, 0.525, 0.185, 1.259, 0.487, 0.2215, 0.445, 20
1, 0.73, 0.595, 0.23, 2.8255, 1.1465, 0.419, 0.897, 17
1, 0.465, 0.355, 0.105, 0.4795, 0.227, 0.124, 0.125, 8
3, 0.285, 0.22, 0.065, 0.096, 0.0405, 0.0205, 0.03, 5
3, 0.46, 0.36, 0.1, 0.4635, 0.2325, 0.093, 0.115, 7
3, 0.32, 0.24, 0.085, 0.131, 0.0615, 0.0265, 0.038, 6
1, 0.6, 0.47, 0.155, 1.036, 0.4375, 0.196, 0.325, 20
3, 0.55, 0.42, 0.13, 0.636, 0.294, 0.144, 0.1755, 8
2, 0.565, 0.45, 0.195, 1.0035, 0.406, 0.2505, 0.285, 15
1, 0.635, 0.51, 0.21, 1.598, 0.6535, 0.2835, 0.58, 15
3, 0.295, 0.23, 0.08, 0.1625, 0.065, 0.05, 0.0385, 5
3, 0.505, 0.385, 0.12, 0.6005, 0.239, 0.142, 0.185, 7
3, 0.545, 0.43, 0.15, 0.7285, 0.302, 0.1315, 0.2545, 10
3, 0.54, 0.415, 0.155, 0.702, 0.322, 0.167, 0.19, 10
2, 0.615, 0.475, 0.17, 1.055, 0.543, 0.246, 0.2345, 9
1, 0.735, 0.585, 0.185, 2.124, 0.952, 0.55, 0.5, 11
2, 0.575, 0.46, 0.185, 1.094, 0.4485, 0.217, 0.345, 15
3, 0.485, 0.38, 0.14, 0.673, 0.2175, 0.13, 0.195, 18
3, 0.375, 0.28, 0.1, 0.2565, 0.1165, 0.0585, 0.0725, 12
1, 0.565, 0.45, 0.14, 1.0055, 0.3785, 0.244, 0.265, 12
2, 0.73, 0.555, 0.18, 1.6895, 0.6555, 0.1965, 0.4935, 10
1, 0.47, 0.375, 0.13, 0.5795, 0.2145, 0.164, 0.195, 13
2, 0.69, 0.58, 0.195, 1.658, 0.708, 0.3615, 0.4715, 10
1, 0.625, 0.495, 0.185, 1.3835, 0.7105, 0.3005, 0.345, 11
3, 0.155, 0.105, 0.05, 0.0175, 0.005, 0.0035, 0.005, 4
1, 0.665, 0.525, 0.16, 1.363, 0.629, 0.279, 0.34, 8
1, 0.385, 0.275, 0.115, 0.2685, 0.0975, 0.0825, 0.085, 8
1, 0.52, 0.465, 0.15, 0.9505, 0.456, 0.199, 0.255, 8
2, 0.49, 0.39, 0.135, 0.59, 0.215, 0.125, 0.1845, 12
3, 0.575, 0.43, 0.13, 0.7425, 0.2895, 0.2005, 0.22, 8
1, 0.505, 0.4, 0.125, 0.77, 0.2735, 0.159, 0.255, 13
2, 0.55, 0.435, 0.14, 0.745, 0.347, 0.174, 0.2265, 9
3, 0.375, 0.285, 0.09, 0.237, 0.106, 0.0395, 0.08, 8
1, 0.595, 0.45, 0.14, 0.838, 0.3965, 0.194, 0.217, 10
2, 0.34, 0.255, 0.085, 0.204, 0.097, 0.021, 0.05, 6
1, 0.62, 0.465, 0.145, 0.911, 0.375, 0.2145, 0.278, 10
3, 0.255, 0.185, 0.065, 0.074, 0.0305, 0.0165, 0.02, 4
1, 0.635, 0.51, 0.155, 1.156, 0.428, 0.289, 0.315, 18
1, 0.59, 0.5, 0.15, 1.142, 0.485, 0.265, 0.345, 9
1, 0.67, 0.505, 0.16, 1.2585, 0.6255, 0.311, 0.308, 12
2, 0.73, 0.58, 0.19, 1.7375, 0.6785, 0.4345, 0.52, 11
1, 0.635, 0.51, 0.155, 0.986, 0.405, 0.2255, 0.31, 10
3, 0.49, 0.37, 0.11, 0.538, 0.271, 0.1035, 0.139, 8
1, 0.63, 0.49, 0.19, 1.1775, 0.4935, 0.3365, 0.285, 11
3, 0.48, 0.355, 0.125, 0.494, 0.2385, 0.0835, 0.15, 9
